71 3 573
71 4 575
72 4 575
73 4 577
74 4 578
70 5 569
71 5 573
72 5 574
73 5 575
74 5 576
70 6 566
71 6 570
72 6 571
73 6 571
74 6 572
23 7 545
24 7 543
25 7 544
70 7 561
71 7 566
72 7 567
73 7 568
74 7 570
22 8 544
23 8 543
24 8 543
25 8 543
26 8 546
70 8 556
71 8 557
72 8 557
73 8 559
21 9 539
22 9 541
23 9 541
24 9 541
25 9 541
26 9 543
70 9 554
71 9 553
22 10 540
23 10 540
24 10 540
25 10 541
26 10 542
56 10 565
57 10 567
58 10 567
22 11 539
23 11 539
24 11 539
25 11 539
26 11 541
27 11 540
52 11 566
56 11 563
57 11 565
58 11 566
59 11 566
22 12 539
23 12 539
24 12 539
25 12 539
26 12 539
52 12 561
56 12 560
57 12 563
22 13 539
23 13 538
24 13 538
25 13 538
26 13 539
21 14 535
22 14 537
23 14 537
24 14 537
25 14 537
26 14 538
27 14 535
21 15 534
22 15 535
23 15 535
24 15 535
25 15 536
26 15 537
21 16 533
22 16 534
23 16 535
24 16 534
25 16 535
26 16 536
20 17 533
21 17 533
22 17 531
23 17 532
24 17 532
25 17 533
26 17 534
27 17 546
20 18 531
21 18 532
22 18 528
23 18 529
24 18 530
25 18 531
26 18 529
20 19 528
21 19 530
22 19 525
23 19 526
24 19 527
25 19 528
26 19 527
20 20 528
21 20 530
22 20 523
23 20 524
24 20 525
25 20 525
26 20 523
33 20 533
43 20 536
44 20 536
20 21 528
21 21 530
22 21 522
23 21 522
24 21 523
25 21 523
26 21 522
35 21 527
43 21 535
56 21 541
22 22 521
23 22 523
24 22 524
25 22 524
26 22 523
43 22 537
56 22 543
111 22 495
22 23 521
23 23 523
24 23 525
25 23 524
26 23 523
56 23 545
57 23 547
110 23 494
111 23 496
112 23 495
23 24 524
56 24 547
60 24 544
63 24 544
110 24 492
111 24 494
112 24 492
56 25 546
57 25 548
59 25 547
60 25 544
61 25 546
62 25 544
63 25 545
64 25 543
81 25 551
82 25 550
109 25 492
110 25 487
56 26 544
57 26 546
59 26 546
60 26 543
61 26 545
62 26 544
63 26 545
64 26 544
80 26 549
81 26 549
82 26 549
83 26 548
56 27 542
57 27 544
58 27 545
59 27 545
60 27 543
61 27 545
62 27 545
63 27 545
64 27 544
79 27 543
80 27 546
81 27 547
82 27 547
83 27 546
56 28 541
57 28 543
58 28 544
59 28 546
60 28 543
61 28 545
62 28 546
63 28 545
64 28 544
79 28 542
80 28 543
81 28 545
82 28 545
83 28 545
22 29 508
23 29 506
26 29 514
27 29 513
28 29 513
29 29 514
56 29 541
57 29 542
58 29 545
59 29 546
60 29 544
61 29 545
62 29 546
63 29 545
64 29 544
79 29 542
80 29 542
81 29 544
82 29 544
83 29 544
84 29 540
21 30 502
22 30 504
23 30 503
24 30 504
25 30 507
26 30 514
27 30 514
28 30 514
29 30 513
57 30 541
58 30 543
59 30 545
60 30 544
61 30 545
62 30 545
63 30 545
64 30 543
79 30 543
80 30 543
81 30 545
82 30 545
83 30 544
84 30 542
21 31 501
22 31 504
23 31 504
24 31 504
25 31 507
26 31 514
27 31 513
28 31 513
29 31 512
30 31 514
58 31 542
59 31 544
60 31 544
61 31 545
62 31 545
63 31 545
79 31 545
80 31 545
81 31 546
82 31 546
83 31 546
84 31 545
21 32 503
22 32 505
23 32 504
24 32 504
25 32 506
26 32 510
27 32 509
28 32 509
29 32 509
30 32 512
59 32 544
60 32 544
61 32 545
62 32 545
63 32 544
79 32 548
80 32 548
81 32 548
82 32 548
83 32 548
84 32 547
21 33 499
22 33 500
23 33 500
24 33 500
28 33 507
29 33 507
30 33 509
60 33 542
61 33 543
62 33 544
63 33 543
80 33 550
81 33 549
82 33 549
83 33 549
84 33 545
22 34 495
23 34 498
29 34 507
30 34 509
60 34 541
61 34 542
62 34 543
63 34 542
30 35 511
60 35 540
62 35 545
85 35 525
23 36 514
32 36 515
85 36 524
23 37 514
24 37 514
32 37 514
56 37 527
85 37 524
22 38 510
23 38 509
24 38 509
56 38 524
57 38 524
22 39 507
23 39 505
24 39 504
25 39 504
55 39 522
56 39 523
57 39 523
58 39 523
59 39 527
21 40 504
22 40 503
23 40 501
24 40 500
25 40 501
26 40 499
53 40 522
54 40 522
55 40 523
56 40 523
57 40 524
58 40 524
59 40 531
21 41 498
22 41 497
23 41 496
24 41 495
25 41 497
26 41 495
53 41 525
54 41 523
55 41 523
56 41 522
57 41 523
58 41 523
59 41 531
22 42 494
23 42 494
24 42 493
25 42 494
26 42 494
53 42 525
54 42 523
55 42 524
56 42 522
57 42 523
58 42 522
59 42 530
22 43 492
23 43 491
24 43 491
25 43 493
26 43 492
53 43 525
54 43 523
55 43 524
56 43 522
57 43 522
58 43 521
59 43 524
22 44 488
23 44 488
24 44 488
25 44 491
26 44 489
53 44 523
54 44 522
55 44 522
56 44 520
57 44 520
58 44 519
59 44 520
21 45 486
22 45 486
23 45 486
24 45 486
25 45 489
26 45 487
54 45 519
55 45 519
56 45 518
57 45 518
58 45 517
59 45 518
60 45 516
20 46 480
21 46 485
22 46 485
23 46 485
24 46 485
25 46 488
26 46 485
53 46 518
54 46 517
55 46 517
56 46 516
57 46 516
58 46 515
59 46 515
60 46 515
20 47 480
21 47 483
22 47 483
23 47 483
24 47 484
25 47 485
26 47 483
27 47 484
53 47 518
54 47 517
55 47 517
56 47 516
57 47 516
58 47 515
59 47 514
60 47 514
20 48 480
21 48 482
22 48 481
23 48 483
24 48 483
25 48 484
26 48 482
27 48 485
53 48 516
54 48 515
55 48 515
56 48 515
57 48 515
58 48 515
59 48 516
60 48 515
20 49 479
21 49 480
22 49 479
23 49 481
24 49 481
25 49 481
26 49 481
27 49 484
53 49 516
54 49 514
55 49 514
56 49 515
57 49 514
58 49 513
59 49 514
60 49 513
20 50 476
21 50 476
22 50 476
23 50 478
24 50 479
25 50 478
26 50 480
27 50 482
53 50 516
54 50 514
55 50 513
56 50 514
57 50 513
58 50 511
59 50 512
60 50 512
61 50 513
21 51 474
22 51 475
23 51 476
24 51 477
25 51 477
26 51 480
53 51 514
54 51 512
55 51 512
56 51 513
57 51 512
58 51 511
59 51 512
60 51 511
21 52 470
22 52 472
23 52 475
24 52 476
25 52 477
26 52 481
27 52 481
53 52 511
54 52 510
55 52 510
56 52 511
57 52 510
58 52 509
59 52 510
60 52 509
86 52 369
21 53 472
22 53 474
23 53 476
24 53 476
25 53 478
26 53 482
27 53 482
53 53 510
54 53 509
55 53 509
56 53 510
57 53 508
58 53 508
59 53 508
60 53 509
22 54 476
23 54 476
24 54 476
25 54 477
26 54 482
27 54 482
28 54 485
29 54 485
53 54 507
54 54 507
55 54 507
56 54 509
57 54 508
58 54 509
59 54 509
60 54 509
23 55 475
24 55 474
25 55 476
26 55 479
27 55 481
28 55 484
29 55 484
30 55 483
31 55 481
43 55 501
44 55 501
45 55 503
46 55 502
47 55 502
48 55 503
53 55 505
54 55 506
55 55 506
56 55 507
57 55 507
58 55 509
59 55 510
60 55 510
23 56 474
25 56 476
26 56 479
27 56 481
28 56 483
29 56 484
30 56 482
31 56 483
32 56 491
44 56 500
45 56 503
46 56 502
47 56 502
48 56 503
49 56 505
53 56 503
54 56 504
55 56 504
56 56 505
57 56 505
58 56 507
59 56 508
60 56 511
70 56 501
71 56 498
22 57 471
23 57 472
24 57 472
25 57 474
26 57 477
27 57 480
28 57 482
29 57 483
30 57 481
31 57 484
44 57 502
45 57 504
46 57 502
47 57 502
48 57 503
49 57 504
53 57 503
54 57 503
55 57 503
56 57 503
57 57 504
58 57 506
59 57 507
60 57 510
70 57 498
71 57 496
21 58 462
22 58 469
23 58 471
24 58 471
25 58 473
26 58 476
27 58 479
28 58 481
29 58 482
30 58 481
44 58 501
45 58 503
46 58 501
47 58 501
48 58 502
49 58 502
53 58 501
54 58 502
55 58 502
56 58 502
57 58 503
58 58 504
59 58 503
60 58 506
109 58 438
21 59 468
22 59 468
23 59 471
24 59 471
25 59 473
26 59 475
27 59 479
28 59 480
29 59 481
30 59 480
45 59 502
46 59 500
47 59 501
48 59 502
49 59 501
53 59 500
54 59 501
55 59 501
56 59 501
57 59 501
58 59 502
59 59 502
60 59 504
109 59 436
21 60 469
22 60 469
23 60 471
24 60 472
25 60 474
26 60 475
27 60 479
28 60 480
29 60 480
30 60 479
45 60 503
46 60 502
47 60 502
48 60 503
49 60 503
53 60 500
54 60 500
55 60 499
56 60 500
57 60 500
58 60 500
59 60 502
60 60 503
21 61 469
22 61 469
23 61 470
24 61 470
25 61 471
26 61 474
27 61 477
28 61 479
29 61 479
30 61 479
45 61 504
46 61 503
47 61 503
48 61 504
49 61 503
53 61 499
54 61 498
55 61 498
56 61 498
57 61 498
58 61 498
59 61 499
60 61 500
21 62 469
22 62 468
23 62 468
24 62 468
25 62 469
26 62 473
27 62 476
28 62 478
29 62 478
30 62 479
44 62 503
45 62 505
46 62 504
47 62 505
48 62 506
49 62 505
53 62 495
54 62 496
55 62 495
56 62 495
57 62 495
58 62 494
59 62 495
60 62 497
21 63 468
22 63 467
23 63 465
24 63 465
25 63 466
26 63 471
27 63 475
28 63 477
29 63 478
30 63 478
45 63 510
46 63 509
47 63 509
48 63 510
49 63 508
53 63 493
54 63 494
55 63 493
56 63 493
57 63 494
58 63 493
59 63 495
60 63 495
21 64 466
22 64 464
23 64 462
24 64 461
25 64 462
26 64 469
27 64 474
28 64 476
29 64 477
45 64 514
46 64 513
47 64 513
48 64 514
49 64 514
50 64 496
53 64 492
54 64 492
55 64 492
56 64 492
57 64 492
58 64 492
21 65 464
22 65 460
23 65 459
24 65 459
25 65 460
26 65 466
27 65 472
45 65 516
46 65 515
47 65 516
48 65 516
49 65 518
53 65 492
54 65 491
55 65 491
56 65 491
57 65 491
58 65 490
21 66 463
22 66 458
23 66 457
24 66 457
25 66 458
26 66 462
27 66 469
53 66 498
54 66 492
55 66 492
56 66 491
57 66 491
58 66 490
21 67 460
22 67 456
23 67 456
24 67 457
25 67 458
26 67 460
27 67 463
54 67 495
55 67 495
56 67 494
57 67 493
22 68 455
23 68 456
24 68 457
25 68 457
26 68 458
27 68 459
56 68 495
57 68 493
21 69 458
22 69 455
23 69 455
24 69 455
25 69 456
26 69 457
27 69 457
57 69 497
21 70 456
22 70 454
23 70 455
24 70 454
25 70 454
26 70 455
27 70 454
21 71 456
22 71 455
23 71 455
24 71 454
25 71 454
26 71 454
27 71 453
113 71 479
114 71 484
21 72 455
22 72 454
23 72 455
24 72 452
25 72 452
26 72 452
27 72 450
111 72 479
113 72 481
114 72 486
21 73 451
22 73 452
23 73 453
24 73 451
25 73 451
26 73 451
27 73 449
113 73 484
114 73 485
21 74 445
22 74 449
23 74 453
24 74 450
25 74 450
26 74 451
27 74 449
111 74 482
112 74 486
113 74 485
114 74 482
22 75 448
23 75 451
24 75 449
25 75 449
26 75 449
27 75 447
112 75 482
113 75 482
21 76 442
22 76 446
23 76 448
24 76 447
25 76 448
26 76 448
27 76 446
21 77 441
22 77 445
23 77 446
24 77 446
25 77 447
26 77 447
27 77 446
22 78 443
23 78 444
24 78 446
25 78 447
26 78 447
27 78 446
114 78 469
23 79 443
24 79 445
25 79 446
26 79 446
27 79 446
22 80 445
23 80 444
24 80 445
25 80 445
26 80 445
27 80 445
111 80 471
22 81 448
23 81 445
24 81 444
25 81 444
26 81 444
27 81 444
111 81 473
114 81 472
22 82 451
23 82 445
24 82 443
25 82 444
26 82 443
27 82 442
114 82 473
22 83 445
23 83 443
24 83 442
25 83 442
26 83 442
27 83 441
55 83 348
112 83 475
23 84 441
24 84 440
25 84 441
26 84 441
27 84 440
23 85 438
24 85 440
25 85 441
26 85 440
27 85 440
23 86 432
24 86 439
25 86 440
26 86 440
27 86 441
23 87 429
24 87 434
25 87 436
26 87 436
27 87 436
23 88 429
24 88 433
25 88 435
26 88 434
27 88 430
23 89 431
24 89 432
25 89 433
26 89 433
27 89 429
23 90 429
24 90 430
25 90 430
26 90 429
27 90 426
23 91 429
24 91 429
25 91 428
26 91 427
27 91 425
25 92 428
