68 3 524
68 7 509
69 10 509
69 11 509
70 11 510
71 11 510
69 12 509
70 12 509
71 12 509
72 12 509
69 13 506
70 13 506
71 13 508
72 13 506
73 13 505
28 14 486
29 14 484
30 14 482
31 14 483
32 14 485
58 14 506
69 14 502
70 14 503
71 14 505
28 15 485
29 15 483
30 15 482
31 15 484
32 15 486
69 15 498
28 16 482
29 16 479
30 16 478
31 16 480
32 16 483
57 16 501
58 16 502
28 17 479
29 17 477
30 17 477
31 17 478
32 17 480
54 17 500
55 17 501
56 17 502
57 17 499
58 17 500
59 17 500
27 18 478
28 18 478
29 18 477
30 18 477
31 18 476
32 18 478
54 18 492
55 18 495
56 18 498
57 18 497
58 18 499
59 18 500
60 18 499
27 19 481
28 19 477
29 19 476
30 19 476
31 19 476
32 19 477
54 19 489
57 19 494
27 20 483
28 20 476
29 20 475
30 20 475
31 20 475
32 20 474
27 21 483
28 21 474
29 21 474
30 21 474
31 21 473
32 21 471
27 22 482
28 22 471
29 22 472
30 22 472
31 22 471
32 22 467
28 23 468
29 23 470
30 23 470
31 23 468
32 23 466
27 24 471
28 24 467
29 24 468
30 24 469
31 24 467
32 24 464
28 25 466
29 25 467
30 25 467
31 25 466
32 25 463
45 25 481
46 25 482
28 26 467
29 26 468
30 26 468
31 26 468
32 26 468
46 26 479
102 26 432
103 28 432
46 29 437
78 29 484
103 29 429
58 30 483
59 30 485
60 30 486
77 30 482
78 30 483
79 30 483
80 30 483
57 31 477
58 31 479
59 31 482
60 31 484
61 31 485
76 31 476
77 31 480
78 31 482
79 31 482
80 31 482
28 32 451
29 32 451
30 32 453
31 32 456
34 32 460
57 32 476
58 32 479
59 32 483
60 32 484
61 32 484
76 32 476
77 32 480
78 32 482
79 32 481
80 32 481
81 32 484
28 33 452
29 33 452
30 33 454
31 33 457
32 33 460
33 33 461
34 33 461
35 33 461
58 33 477
59 33 482
60 33 483
61 33 483
62 33 485
76 33 476
77 33 480
78 33 482
79 33 481
80 33 481
81 33 483
27 34 451
28 34 452
29 34 453
30 34 454
31 34 456
32 34 458
33 34 459
34 34 459
35 34 460
54 34 565
58 34 475
59 34 479
60 34 480
61 34 482
62 34 484
63 34 484
76 34 477
77 34 481
78 34 483
79 34 482
80 34 483
27 35 451
28 35 452
29 35 453
30 35 452
31 35 455
32 35 457
34 35 458
35 35 460
54 35 563
59 35 480
60 35 480
61 35 482
62 35 483
63 35 482
77 35 482
78 35 484
79 35 483
80 35 483
28 36 453
31 36 455
35 36 459
61 36 481
28 38 457
28 39 455
57 39 470
28 40 452
29 40 452
30 40 451
57 40 467
58 40 468
28 41 451
29 41 451
30 41 451
31 41 451
54 41 462
55 41 462
56 41 463
57 41 467
58 41 468
28 42 448
29 42 449
30 42 448
31 42 449
32 42 448
54 42 462
55 42 462
56 42 463
57 42 466
58 42 468
59 42 471
28 43 447
29 43 447
30 43 447
31 43 448
32 43 447
54 43 463
55 43 463
56 43 464
57 43 466
58 43 467
59 43 470
28 44 446
29 44 445
30 44 445
31 44 446
32 44 445
54 44 461
55 44 462
56 44 463
57 44 464
58 44 466
59 44 469
28 45 444
29 45 443
30 45 443
31 45 445
32 45 445
54 45 460
55 45 461
56 45 462
57 45 463
58 45 465
59 45 466
28 46 441
29 46 440
30 46 440
31 46 441
32 46 439
54 46 459
55 46 460
56 46 460
57 46 460
58 46 462
59 46 462
27 47 439
28 47 440
29 47 439
30 47 438
31 47 439
32 47 436
33 47 434
55 47 459
56 47 459
57 47 459
58 47 460
59 47 459
60 47 457
26 48 436
27 48 436
28 48 436
29 48 436
30 48 436
31 48 436
32 48 435
33 48 437
55 48 457
56 48 457
57 48 456
58 48 457
59 48 456
60 48 455
61 48 453
26 49 435
27 49 435
28 49 434
29 49 434
30 49 434
31 49 434
32 49 434
33 49 437
54 49 454
55 49 455
56 49 455
57 49 454
58 49 455
59 49 454
60 49 454
61 49 451
27 50 432
28 50 431
29 50 432
30 50 431
31 50 432
32 50 432
33 50 436
54 50 454
55 50 454
56 50 454
57 50 453
58 50 453
59 50 453
60 50 453
61 50 451
27 51 431
28 51 429
29 51 430
30 51 430
31 51 433
32 51 433
33 51 435
54 51 455
55 51 453
56 51 454
57 51 452
58 51 453
59 51 453
60 51 453
61 51 451
27 52 430
28 52 428
29 52 429
30 52 429
31 52 433
32 52 433
33 52 435
54 52 455
55 52 452
56 52 453
57 52 451
58 52 452
59 52 451
60 52 454
61 52 452
28 53 428
29 53 429
30 53 429
31 53 433
32 53 433
33 53 435
54 53 455
55 53 452
56 53 452
57 53 451
58 53 452
59 53 450
28 54 426
29 54 428
30 54 428
31 54 431
32 54 433
33 54 435
34 54 439
46 54 450
47 54 448
48 54 448
49 54 447
54 54 455
55 54 451
56 54 451
57 54 450
58 54 451
59 54 450
28 55 424
29 55 426
30 55 426
31 55 428
32 55 431
33 55 433
34 55 437
47 55 447
48 55 447
49 55 446
50 55 447
51 55 446
54 55 454
55 55 450
56 55 450
57 55 450
58 55 450
59 55 449
28 56 423
29 56 424
30 56 424
31 56 425
32 56 429
33 56 430
47 56 448
48 56 446
49 56 446
50 56 446
51 56 445
52 56 444
54 56 452
55 56 448
56 56 448
57 56 448
58 56 448
59 56 447
60 56 453
27 57 419
28 57 421
29 57 421
30 57 421
31 57 423
32 57 427
33 57 428
34 57 432
48 57 445
49 57 445
50 57 446
51 57 445
52 57 443
54 57 449
55 57 447
56 57 447
57 57 447
58 57 447
59 57 446
60 57 451
27 58 420
28 58 422
29 58 420
30 58 421
31 58 423
32 58 426
33 58 427
34 58 430
48 58 445
49 58 445
50 58 446
51 58 446
52 58 443
54 58 446
55 58 446
56 58 446
57 58 446
58 58 446
59 58 447
60 58 449
61 58 452
27 59 418
28 59 422
29 59 420
30 59 421
31 59 423
32 59 425
33 59 426
34 59 428
48 59 448
49 59 448
50 59 450
51 59 450
52 59 444
54 59 444
55 59 445
56 59 445
57 59 445
58 59 445
59 59 446
60 59 445
61 59 446
27 60 420
28 60 423
29 60 421
30 60 421
31 60 423
32 60 424
33 60 424
34 60 426
48 60 451
49 60 452
50 60 453
51 60 453
52 60 444
54 60 440
55 60 443
56 60 443
57 60 443
58 60 443
59 60 444
60 60 441
28 61 422
29 61 420
30 61 421
31 61 422
32 61 423
33 61 423
34 61 426
52 61 447
54 61 438
55 61 442
56 61 442
57 61 441
58 61 442
59 61 443
27 62 416
28 62 421
29 62 419
30 62 420
31 62 420
32 62 422
33 62 422
49 62 459
52 62 455
55 62 441
56 62 441
57 62 440
58 62 441
27 63 413
28 63 417
29 63 418
30 63 417
31 63 418
32 63 419
33 63 419
57 63 440
58 63 440
28 64 413
29 64 416
30 64 416
31 64 416
32 64 417
33 64 418
57 64 439
28 65 410
29 65 415
30 65 414
31 65 413
32 65 415
33 65 416
27 66 409
28 66 410
29 66 414
30 66 412
31 66 412
32 66 413
33 66 415
73 66 531
74 66 530
75 66 528
76 66 527
77 66 525
27 67 407
28 67 409
29 67 412
30 67 411
31 67 411
32 67 412
33 67 413
51 67 531
52 67 526
53 67 526
54 67 526
71 67 535
72 67 533
73 67 530
74 67 530
75 67 528
76 67 527
77 67 526
78 67 524
27 68 406
28 68 409
29 68 411
30 68 410
31 68 410
32 68 411
51 68 530
52 68 527
53 68 528
54 68 527
55 68 527
70 68 535
71 68 533
72 68 531
73 68 529
74 68 529
75 68 528
76 68 527
77 68 528
27 69 407
28 69 410
29 69 411
30 69 410
31 69 410
32 69 410
51 69 530
52 69 528
53 69 528
54 69 528
55 69 528
70 69 534
71 69 534
72 69 530
73 69 530
74 69 530
75 69 528
76 69 526
77 69 529
102 69 438
104 69 433
27 70 406
28 70 409
29 70 409
30 70 408
31 70 408
32 70 409
50 70 530
51 70 530
52 70 528
53 70 529
54 70 528
55 70 528
70 70 534
71 70 535
72 70 532
73 70 531
74 70 531
75 70 530
76 70 527
77 70 530
101 70 438
102 70 437
104 70 432
105 70 432
27 71 403
28 71 407
29 71 408
30 71 406
31 71 406
32 71 407
33 71 405
50 71 527
51 71 530
52 71 529
53 71 530
54 71 529
55 71 529
71 71 536
72 71 534
73 71 532
74 71 532
75 71 531
76 71 528
105 71 436
28 72 406
29 72 407
30 72 405
31 72 405
32 72 405
33 72 405
50 72 529
51 72 531
52 72 529
53 72 530
54 72 529
55 72 529
71 72 535
72 72 534
73 72 532
74 72 533
75 72 532
76 72 530
77 72 532
28 73 402
29 73 406
30 73 404
31 73 404
32 73 404
33 73 406
50 73 526
51 73 530
52 73 526
53 73 528
54 73 526
55 73 526
71 73 535
72 73 535
73 73 533
74 73 533
75 73 532
76 73 532
77 73 532
28 74 399
29 74 405
30 74 403
31 74 403
32 74 403
33 74 406
50 74 522
51 74 525
52 74 521
53 74 521
54 74 521
55 74 521
71 74 533
72 74 534
73 74 532
74 74 532
75 74 532
76 74 532
77 74 531
105 74 421
28 75 398
29 75 405
30 75 404
31 75 404
32 75 404
33 75 407
50 75 518
51 75 519
52 75 517
53 75 518
54 75 518
55 75 518
70 75 532
71 75 532
72 75 533
73 75 532
74 75 532
75 75 531
76 75 531
77 75 530
28 76 397
29 76 405
30 76 403
31 76 403
32 76 403
33 76 406
50 76 515
51 76 516
52 76 515
53 76 515
54 76 515
55 76 516
56 76 515
70 76 529
71 76 531
72 76 533
73 76 531
74 76 531
75 76 531
76 76 531
77 76 530
103 76 420
104 76 420
105 76 419
116 76 556
28 77 397
29 77 403
30 77 401
31 77 402
32 77 401
33 77 404
50 77 513
51 77 514
52 77 513
53 77 514
54 77 514
55 77 514
70 77 523
71 77 530
72 77 532
73 77 531
74 77 531
75 77 531
76 77 531
77 77 530
104 77 420
105 77 418
116 77 555
28 78 398
29 78 399
30 78 399
31 78 399
32 78 398
33 78 400
50 78 512
51 78 514
52 78 513
53 78 513
54 78 513
55 78 513
71 78 529
72 78 531
73 78 530
74 78 531
75 78 531
76 78 531
77 78 530
104 78 417
105 78 417
115 78 554
28 79 401
29 79 397
30 79 398
31 79 398
32 79 397
33 79 397
50 79 510
51 79 515
52 79 514
53 79 515
54 79 515
55 79 515
71 79 530
72 79 532
73 79 531
74 79 531
75 79 532
76 79 532
77 79 531
104 79 413
105 79 412
28 80 397
29 80 395
30 80 396
31 80 396
32 80 396
33 80 396
51 80 515
52 80 515
53 80 516
54 80 516
71 80 530
72 80 533
73 80 532
74 80 532
75 80 533
76 80 533
105 80 411
29 81 394
30 81 395
31 81 395
32 81 394
33 81 394
51 81 517
52 81 517
73 81 534
74 81 535
29 82 394
30 82 394
31 82 394
32 82 393
33 82 392
29 83 395
30 83 393
31 83 394
32 83 393
33 83 391
119 83 435
29 84 394
30 84 393
31 84 393
32 84 393
33 84 391
83 84 547
105 84 412
117 84 554
29 85 390
30 85 391
31 85 392
32 85 391
33 85 390
29 86 387
30 86 390
31 86 391
53 86 468
54 86 468
55 86 466
117 86 549
119 86 549
29 87 386
30 87 389
53 87 464
54 87 465
55 87 463
116 87 549
117 87 546
119 87 547
29 88 385
115 88 543
116 88 546
117 88 543
118 88 544
119 88 546
116 89 542
117 89 541
116 90 544
118 90 543
