66 4 458
67 4 458
67 10 463
68 18 445
34 19 429
35 19 428
59 19 453
67 19 449
68 19 444
34 20 429
35 20 429
36 20 429
37 20 430
59 20 449
62 20 444
67 20 448
34 21 426
35 21 426
36 21 426
59 21 450
15 22 420
33 22 425
34 22 425
35 22 425
36 22 425
37 22 426
58 22 447
59 22 447
32 23 424
33 23 424
34 23 424
35 23 424
36 23 424
37 23 425
55 23 438
58 23 445
15 24 418
32 24 423
33 24 424
34 24 424
35 24 424
36 24 424
37 24 424
15 25 416
16 25 418
32 25 422
33 25 424
34 25 424
35 25 424
36 25 424
37 25 424
38 25 425
15 26 414
16 26 415
32 26 422
33 26 425
34 26 425
35 26 425
36 26 425
37 26 425
38 26 424
15 27 414
16 27 414
32 27 420
33 27 424
34 27 424
35 27 424
36 27 424
37 27 425
38 27 425
15 28 412
16 28 414
32 28 419
33 28 424
34 28 423
35 28 424
36 28 424
37 28 424
38 28 423
15 29 411
16 29 413
33 29 426
34 29 425
35 29 425
37 29 425
15 30 410
16 30 412
34 30 425
15 31 408
16 31 410
15 32 407
16 32 407
61 32 432
62 32 430
15 33 406
16 33 403
59 33 429
60 33 430
61 33 430
62 33 430
15 34 406
16 34 400
32 34 425
34 34 412
35 34 414
36 34 414
59 34 428
60 34 430
61 34 430
62 34 430
63 34 431
15 35 404
16 35 399
32 35 424
33 35 416
34 35 412
35 35 414
36 35 415
37 35 414
38 35 415
39 35 417
40 35 416
59 35 427
60 35 428
61 35 429
62 35 429
63 35 431
75 35 432
77 35 436
15 36 402
16 36 397
35 36 411
36 36 413
37 36 413
38 36 414
39 36 416
40 36 416
59 36 426
60 36 427
61 36 428
62 36 428
15 37 400
16 37 396
34 37 409
35 37 410
36 37 413
37 37 413
38 37 414
39 37 417
40 37 417
60 37 426
61 37 427
62 37 428
15 38 398
16 38 395
36 38 412
37 38 413
38 38 414
39 38 417
40 38 417
15 39 396
16 39 394
34 39 409
40 39 417
15 40 396
16 40 394
34 40 409
15 41 393
16 41 390
33 41 408
34 41 409
35 41 409
36 41 410
58 41 416
15 42 390
16 42 388
33 42 407
34 42 407
35 42 407
36 42 407
37 42 407
57 42 413
58 42 414
59 42 416
15 43 385
16 43 386
34 43 406
35 43 406
36 43 406
37 43 406
38 43 405
55 43 413
56 43 412
57 43 413
58 43 414
59 43 415
15 44 383
16 44 386
34 44 404
35 44 403
36 44 401
37 44 402
38 44 401
55 44 413
56 44 412
57 44 412
58 44 414
59 44 415
60 44 417
15 45 382
16 45 387
34 45 401
35 45 401
36 45 398
37 45 399
38 45 399
54 45 397
55 45 412
56 45 411
57 45 411
58 45 413
59 45 414
60 45 415
15 46 383
16 46 388
33 46 400
34 46 400
35 46 399
36 46 397
37 46 397
38 46 395
54 46 398
55 46 410
56 46 410
57 46 410
58 46 412
59 46 413
60 46 412
15 47 384
16 47 387
33 47 399
34 47 397
35 47 396
36 47 394
37 47 394
38 47 392
55 47 409
56 47 409
57 47 409
58 47 411
59 47 411
60 47 410
33 48 395
34 48 394
35 48 393
36 48 392
37 48 391
55 48 408
56 48 408
57 48 407
58 48 409
59 48 409
60 48 408
32 49 395
33 49 392
34 49 391
35 49 390
36 49 390
37 49 388
55 49 406
56 49 406
57 49 406
58 49 407
59 49 407
60 49 407
114 49 429
15 50 309
33 50 389
34 50 388
35 50 388
36 50 389
37 50 387
38 50 388
55 50 405
56 50 405
57 50 405
58 50 407
59 50 408
60 50 408
114 50 429
33 51 387
34 51 387
35 51 386
36 51 389
37 51 388
55 51 404
56 51 403
57 51 403
58 51 406
59 51 406
60 51 406
114 51 428
33 52 383
34 52 385
35 52 384
37 52 387
38 52 389
55 52 402
56 52 401
57 52 401
58 52 404
59 52 405
60 52 405
61 52 408
114 52 427
15 53 380
16 53 370
33 53 380
34 53 384
35 53 382
36 53 386
37 53 387
38 53 389
51 53 400
52 53 401
53 53 401
55 53 399
56 53 400
57 53 400
58 53 403
59 53 403
60 53 404
61 53 407
114 53 425
15 54 377
16 54 372
33 54 382
34 54 384
35 54 383
36 54 386
37 54 388
38 54 390
50 54 400
51 54 399
52 54 400
53 54 401
54 54 403
55 54 396
56 54 398
57 54 398
58 54 401
59 54 401
60 54 402
61 54 406
113 54 421
114 54 421
15 55 374
16 55 372
33 55 380
34 55 383
35 55 382
36 55 385
37 55 387
38 55 390
50 55 401
51 55 400
52 55 400
53 55 401
54 55 403
55 55 394
56 55 398
57 55 398
58 55 399
59 55 399
60 55 400
15 56 371
16 56 368
33 56 379
34 56 381
35 56 381
36 56 383
37 56 386
38 56 389
51 56 403
52 56 403
53 56 404
54 56 404
55 56 392
56 56 397
57 56 397
58 56 397
59 56 397
60 56 398
15 57 369
16 57 367
33 57 381
34 57 382
35 57 381
36 57 383
37 57 386
38 57 387
51 57 405
52 57 405
54 57 404
55 57 390
56 57 396
57 57 396
58 57 396
59 57 396
60 57 396
15 58 367
16 58 366
33 58 384
34 58 382
35 58 381
36 58 383
37 58 384
38 58 384
51 58 407
54 58 408
55 58 389
56 58 396
57 58 394
58 58 395
59 58 396
15 59 367
16 59 365
33 59 385
34 59 380
35 59 380
36 59 381
37 59 382
38 59 381
58 59 395
15 60 366
16 60 364
32 60 382
33 60 382
34 60 378
35 60 378
36 60 379
37 60 379
38 60 378
15 61 366
16 61 365
33 61 379
34 61 376
35 61 376
36 61 377
37 61 377
38 61 376
15 62 367
16 62 365
33 62 378
34 62 375
35 62 375
36 62 375
37 62 375
38 62 374
71 62 451
72 62 450
73 62 450
96 62 381
97 62 380
15 63 366
16 63 364
32 63 373
33 63 376
34 63 375
35 63 374
36 63 375
37 63 375
38 63 373
53 63 454
54 63 449
55 63 449
69 63 454
70 63 451
71 63 451
72 63 451
73 63 450
74 63 447
96 63 380
97 63 387
15 64 364
16 64 362
32 64 364
33 64 375
34 64 374
35 64 373
36 64 373
37 64 374
38 64 372
53 64 452
54 64 448
55 64 449
56 64 448
69 64 454
70 64 452
71 64 452
72 64 452
73 64 452
74 64 451
96 64 380
15 65 361
16 65 359
33 65 374
34 65 372
35 65 372
36 65 372
37 65 373
38 65 371
52 65 446
53 65 450
54 65 447
55 65 447
56 65 446
69 65 454
70 65 452
71 65 453
72 65 453
73 65 453
74 65 452
95 65 384
96 65 387
15 66 358
16 66 353
33 66 375
34 66 372
35 66 371
36 66 372
37 66 372
38 66 369
52 66 448
53 66 449
54 66 447
55 66 446
56 66 446
69 66 453
70 66 452
71 66 453
72 66 452
73 66 453
74 66 450
94 66 386
95 66 383
97 66 390
15 67 355
16 67 349
33 67 373
34 67 369
35 67 369
36 67 370
37 67 370
38 67 367
52 67 447
53 67 449
54 67 447
55 67 446
56 67 445
68 67 453
69 67 454
70 67 452
71 67 453
72 67 452
73 67 453
74 67 450
98 67 388
99 67 412
15 68 355
16 68 350
33 68 371
34 68 366
35 68 366
36 68 367
37 68 367
38 68 365
52 68 447
53 68 449
54 68 446
55 68 445
56 68 445
68 68 454
69 68 454
70 68 452
71 68 452
72 68 452
73 68 452
74 68 450
97 68 387
98 68 384
99 68 420
15 69 356
16 69 351
33 69 367
34 69 364
35 69 365
36 69 366
37 69 366
38 69 365
52 69 446
53 69 450
54 69 445
55 69 445
56 69 444
68 69 453
69 69 453
70 69 451
71 69 451
72 69 451
73 69 451
74 69 448
97 69 383
98 69 382
15 70 357
16 70 353
33 70 365
34 70 363
35 70 364
36 70 364
37 70 364
38 70 365
39 70 371
52 70 443
53 70 450
54 70 444
55 70 444
56 70 443
68 70 453
69 70 452
70 70 450
71 70 450
72 70 450
73 70 449
74 70 447
98 70 380
15 71 356
16 71 349
33 71 362
34 71 363
35 71 364
36 71 364
37 71 364
38 71 365
39 71 370
53 71 452
54 71 443
55 71 443
56 71 442
68 71 454
69 71 452
70 71 450
71 71 451
72 71 450
73 71 449
74 71 448
98 71 379
15 72 354
16 72 349
33 72 360
34 72 361
35 72 362
36 72 362
37 72 362
38 72 363
39 72 367
53 72 451
54 72 441
55 72 440
70 72 449
71 72 451
72 72 451
73 72 450
74 72 450
98 72 378
102 72 454
103 72 455
15 73 352
16 73 347
33 73 360
34 73 361
35 73 362
36 73 362
37 73 362
38 73 364
39 73 366
53 73 449
70 73 449
71 73 451
72 73 451
73 73 450
74 73 452
96 73 370
97 73 375
98 73 376
101 73 458
102 73 456
103 73 457
125 73 443
15 74 351
16 74 347
33 74 359
34 74 359
35 74 360
36 74 360
37 74 360
38 74 362
39 74 364
71 74 451
96 74 373
101 74 458
102 74 457
103 74 458
104 74 458
125 74 441
15 75 350
16 75 347
33 75 357
34 75 358
35 75 358
36 75 358
37 75 358
38 75 359
98 75 374
101 75 455
102 75 456
103 75 456
104 75 456
105 75 455
106 75 453
125 75 439
15 76 349
16 76 348
33 76 356
34 76 356
35 76 357
36 76 357
37 76 357
38 76 358
98 76 373
99 76 383
100 76 451
101 76 455
102 76 456
103 76 456
104 76 456
105 76 455
106 76 456
124 76 438
125 76 438
15 77 348
16 77 348
33 77 355
34 77 355
35 77 355
36 77 356
37 77 356
38 77 356
39 77 358
99 77 379
101 77 456
102 77 455
103 77 455
104 77 455
105 77 454
106 77 454
125 77 437
15 78 348
33 78 351
34 78 353
35 78 354
36 78 354
37 78 353
38 78 354
39 78 352
55 78 402
56 78 403
57 78 403
101 78 453
102 78 454
103 78 453
104 78 453
105 78 452
106 78 453
15 79 346
33 79 349
34 79 353
35 79 353
36 79 354
37 79 353
38 79 354
54 79 397
55 79 401
56 79 402
57 79 402
58 79 402
71 79 412
101 79 451
102 79 453
103 79 453
104 79 452
105 79 452
106 79 454
15 80 343
34 80 355
35 80 355
36 80 355
37 80 354
38 80 354
54 80 397
55 80 401
56 80 401
71 80 413
102 80 451
103 80 451
104 80 450
105 80 450
106 80 451
36 81 355
55 81 402
56 81 403
57 81 402
58 81 402
69 81 412
70 81 414
71 81 415
102 81 446
103 81 447
104 81 446
105 81 445
106 81 446
55 82 402
56 82 402
57 82 401
58 82 401
69 82 414
70 82 416
71 82 416
77 82 379
102 82 444
103 82 445
104 82 444
105 82 444
106 82 446
56 83 402
57 83 401
58 83 400
59 83 402
70 83 415
71 83 414
102 83 445
103 83 446
104 83 445
105 83 446
58 84 399
59 84 400
102 84 444
103 84 445
56 85 399
57 85 400
58 85 399
59 85 398
102 85 447
56 86 398
57 86 397
58 86 398
59 86 397
