67 7 418
108 12 536
72 13 399
38 23 397
39 23 396
40 23 396
38 24 395
39 24 395
40 24 395
41 24 395
17 25 392
18 25 387
19 25 385
20 25 385
38 25 394
39 25 394
40 25 394
41 25 394
16 26 382
17 26 382
18 26 384
19 26 383
20 26 384
21 26 384
22 26 384
37 26 392
38 26 393
39 26 393
40 26 393
41 26 393
16 27 380
17 27 384
18 27 383
19 27 383
20 27 384
21 27 383
22 27 383
37 27 391
38 27 392
39 27 392
40 27 392
41 27 392
16 28 382
17 28 385
18 28 382
19 28 382
20 28 382
21 28 383
22 28 383
37 28 390
38 28 390
39 28 390
40 28 390
41 28 390
42 28 389
16 29 378
17 29 379
18 29 380
19 29 380
20 29 380
21 29 381
22 29 381
37 29 389
38 29 389
39 29 390
40 29 390
41 29 389
42 29 389
18 30 377
19 30 378
20 30 378
21 30 379
22 30 380
37 30 389
38 30 389
39 30 389
40 30 389
41 30 389
18 31 376
19 31 377
20 31 377
21 31 378
22 31 379
37 31 390
38 31 390
39 31 390
40 31 391
18 32 376
19 32 377
20 32 377
21 32 377
22 32 378
37 32 390
38 32 389
39 32 390
18 33 375
19 33 376
20 33 376
21 33 377
22 33 378
17 34 370
18 34 373
19 34 374
20 34 374
21 34 375
22 34 375
18 35 372
19 35 373
20 35 373
21 35 373
22 35 373
23 35 373
17 36 369
18 36 371
19 36 372
20 36 372
21 36 371
22 36 371
23 36 371
62 36 391
73 36 395
18 37 370
19 37 371
20 37 371
21 37 370
22 37 370
23 37 371
60 37 387
61 37 390
62 37 388
73 37 394
16 38 369
17 38 368
18 38 369
19 38 369
20 38 370
21 38 369
22 38 368
23 38 369
41 38 379
42 38 380
43 38 381
44 38 380
60 38 386
18 39 366
19 39 366
20 39 367
21 39 367
22 39 367
23 39 367
32 39 518
41 39 378
42 39 379
60 39 385
17 40 358
18 40 364
19 40 364
20 40 364
21 40 365
22 40 365
23 40 364
38 40 377
18 41 362
19 41 362
20 41 362
21 41 363
22 41 363
23 41 361
38 41 376
39 41 376
19 42 359
20 42 359
21 42 360
22 42 359
23 42 357
38 42 375
39 42 375
40 42 374
41 42 373
42 42 373
19 43 356
20 43 356
21 43 357
22 43 355
23 43 356
38 43 374
39 43 374
40 43 372
41 43 372
57 43 377
58 43 381
59 43 381
19 44 357
20 44 356
21 44 356
22 44 355
23 44 356
38 44 372
39 44 371
40 44 370
41 44 370
42 44 370
56 44 365
57 44 377
58 44 379
59 44 379
60 44 379
19 45 357
20 45 357
21 45 356
22 45 355
38 45 369
39 45 369
40 45 368
41 45 369
42 45 368
56 45 363
57 45 374
58 45 377
59 45 378
60 45 376
38 46 369
39 46 368
40 46 367
41 46 368
42 46 366
57 46 371
58 46 375
59 46 375
60 46 373
37 47 370
38 47 367
39 47 367
40 47 367
41 47 367
56 47 359
57 47 371
58 47 372
59 47 371
60 47 370
61 47 371
86 47 514
37 48 367
38 48 365
39 48 365
40 48 365
41 48 364
56 48 356
57 48 369
58 48 370
59 48 368
60 48 367
61 48 367
86 48 511
36 49 364
37 49 367
38 49 364
39 49 364
40 49 365
41 49 364
57 49 369
58 49 370
59 49 370
60 49 370
61 49 369
24 50 321
37 50 368
38 50 363
39 50 363
40 50 365
41 50 364
57 50 370
58 50 371
59 50 371
60 50 372
61 50 371
104 50 384
105 50 384
106 50 381
23 51 316
37 51 363
38 51 360
39 51 360
40 51 361
41 51 362
55 51 310
57 51 370
58 51 371
59 51 372
60 51 373
61 51 372
104 51 382
105 51 382
23 52 323
37 52 359
38 52 358
39 52 356
40 52 359
41 52 361
56 52 374
57 52 368
58 52 371
59 52 372
60 52 372
61 52 370
104 52 379
22 53 346
23 53 331
37 53 359
38 53 357
39 53 356
40 53 358
41 53 359
42 53 359
56 53 372
57 53 366
58 53 369
59 53 370
60 53 371
61 53 369
17 54 374
20 54 350
21 54 344
22 54 344
23 54 334
37 54 357
38 54 357
39 54 355
40 54 358
41 54 359
42 54 358
56 54 371
57 54 365
58 54 367
59 54 367
60 54 369
61 54 367
16 55 366
17 55 374
18 55 369
20 55 343
21 55 342
22 55 341
23 55 334
37 55 355
38 55 355
39 55 354
40 55 357
41 55 357
42 55 357
55 55 372
56 55 368
57 55 363
58 55 365
59 55 365
60 55 366
17 56 376
19 56 343
20 56 342
21 56 342
22 56 341
23 56 335
37 56 356
38 56 356
39 56 354
40 56 357
41 56 356
85 56 546
16 57 370
17 57 373
19 57 343
20 57 342
21 57 342
22 57 341
23 57 337
37 57 357
38 57 355
39 57 353
40 57 356
41 57 355
42 57 354
85 57 545
86 57 551
17 58 377
19 58 342
20 58 341
21 58 342
22 58 341
23 58 337
37 58 356
38 58 354
39 58 352
40 58 354
41 58 353
42 58 351
86 58 549
17 59 379
18 59 373
19 59 343
20 59 342
21 59 342
22 59 341
23 59 339
37 59 354
38 59 350
39 59 350
40 59 350
41 59 350
42 59 349
18 60 373
19 60 342
20 60 342
21 60 342
22 60 340
23 60 338
37 60 353
38 60 348
39 60 348
40 60 348
41 60 348
42 60 346
69 60 407
18 61 371
19 61 340
20 61 340
21 61 341
22 61 338
23 61 337
37 61 350
38 61 346
39 61 347
40 61 347
41 61 346
42 61 345
55 61 402
69 61 406
70 61 405
71 61 405
73 61 396
17 62 372
18 62 371
19 62 339
20 62 338
21 62 339
22 62 336
23 62 336
37 62 346
38 62 344
39 62 345
40 62 345
41 62 345
42 62 344
55 62 398
56 62 395
68 62 408
69 62 406
70 62 405
71 62 405
72 62 405
73 62 395
91 62 365
17 63 365
18 63 367
19 63 340
20 63 339
21 63 339
22 63 335
23 63 335
37 63 344
38 63 343
39 63 343
40 63 343
41 63 343
42 63 342
54 63 391
55 63 395
56 63 394
57 63 393
68 63 407
69 63 406
70 63 405
71 63 404
72 63 403
73 63 395
91 63 368
15 64 359
16 64 359
17 64 361
18 64 363
19 64 338
20 64 337
21 64 336
22 64 332
23 64 331
37 64 344
38 64 342
39 64 342
40 64 341
41 64 342
42 64 340
54 64 389
55 64 392
56 64 393
57 64 392
58 64 392
67 64 405
68 64 407
69 64 405
70 64 404
71 64 403
72 64 403
73 64 396
15 65 360
16 65 361
17 65 360
18 65 360
19 65 339
20 65 338
21 65 337
22 65 333
23 65 331
37 65 342
38 65 340
39 65 339
40 65 339
41 65 339
42 65 337
54 65 390
55 65 392
56 65 393
57 65 392
58 65 392
67 65 404
68 65 406
69 65 405
70 65 404
71 65 404
73 65 398
113 65 397
15 66 362
16 66 363
17 66 361
18 66 359
19 66 340
20 66 340
21 66 338
22 66 333
23 66 330
37 66 340
38 66 338
39 66 338
40 66 337
41 66 338
42 66 336
55 66 393
56 66 395
57 66 394
67 66 402
69 66 404
70 66 403
71 66 403
95 66 403
113 66 398
15 67 363
16 67 363
17 67 360
18 67 358
19 67 341
20 67 341
21 67 339
22 67 334
23 67 328
37 67 339
38 67 338
39 67 338
40 67 337
41 67 337
42 67 336
55 67 392
56 67 394
69 67 404
70 67 403
71 67 403
95 67 403
96 67 406
112 67 396
113 67 396
114 67 399
115 67 416
15 68 364
16 68 364
17 68 360
18 68 357
19 68 340
20 68 340
21 68 337
22 68 334
23 68 328
37 68 335
38 68 336
39 68 336
40 68 336
41 68 336
42 68 335
55 68 391
95 68 401
96 68 404
97 68 402
112 68 392
113 68 392
114 68 394
15 69 364
16 69 365
17 69 360
18 69 355
19 69 339
20 69 339
21 69 336
22 69 333
23 69 329
37 69 333
38 69 335
39 69 335
40 69 335
41 69 335
42 69 335
95 69 402
96 69 404
97 69 403
98 69 396
112 69 390
113 69 391
114 69 393
115 69 419
15 70 364
18 70 352
19 70 336
20 70 335
21 70 332
22 70 331
23 70 326
37 70 331
38 70 333
39 70 334
40 70 334
41 70 334
42 70 334
95 70 399
96 70 402
97 70 400
98 70 397
112 70 388
113 70 389
114 70 393
18 71 348
19 71 333
20 71 332
21 71 329
22 71 329
23 71 323
37 71 335
38 71 333
39 71 333
40 71 333
41 71 333
42 71 333
95 71 398
96 71 400
97 71 399
98 71 398
112 71 389
113 71 390
114 71 393
19 72 329
20 72 329
21 72 327
22 72 327
23 72 321
37 72 336
38 72 332
39 72 331
40 72 331
41 72 331
42 72 331
95 72 396
96 72 398
97 72 397
98 72 396
113 72 389
114 72 390
19 73 327
20 73 327
21 73 326
22 73 325
23 73 317
38 73 330
39 73 330
40 73 330
41 73 330
42 73 330
56 73 368
57 73 369
95 73 396
96 73 397
97 73 397
98 73 395
19 74 327
20 74 325
21 74 324
22 74 321
23 74 315
38 74 330
39 74 329
40 74 329
41 74 329
56 74 366
57 74 367
95 74 394
96 74 395
97 74 395
98 74 393
17 75 361
21 75 326
22 75 325
38 75 331
39 75 329
40 75 329
41 75 329
56 75 366
57 75 368
68 75 366
96 75 395
97 75 395
17 76 363
39 76 329
40 76 329
68 76 366
69 76 367
97 76 394
15 77 354
16 77 358
17 77 363
57 77 364
114 78 386
114 79 386
114 80 386
114 81 386
114 82 386
