26 15 324
61 24 385
60 25 387
23 26 368
40 26 370
42 26 369
60 26 388
22 27 365
23 27 365
24 27 364
39 27 370
40 27 371
41 27 371
42 27 371
43 27 372
22 28 363
23 28 363
24 28 364
25 28 365
39 28 369
40 28 370
41 28 370
42 28 370
43 28 370
56 28 379
22 29 365
23 29 364
24 29 364
25 29 365
26 29 365
38 29 368
39 29 369
40 29 369
41 29 369
42 29 370
43 29 370
56 29 379
22 30 364
23 30 363
24 30 363
25 30 364
26 30 364
27 30 365
39 30 367
40 30 368
41 30 368
42 30 368
43 30 368
44 30 369
22 31 361
23 31 360
24 31 360
25 31 361
26 31 362
38 31 362
39 31 366
40 31 367
41 31 367
42 31 367
43 31 367
44 31 368
22 32 359
23 32 358
24 32 358
25 32 359
26 32 359
27 32 357
38 32 362
39 32 365
40 32 366
41 32 366
42 32 366
21 33 354
22 33 358
23 33 356
24 33 356
25 33 357
26 33 358
27 33 355
39 33 365
40 33 366
41 33 367
22 34 354
23 34 354
24 34 354
25 34 355
26 34 356
27 34 354
40 34 365
22 35 352
23 35 353
24 35 353
25 35 354
26 35 355
27 35 354
22 36 351
23 36 353
24 36 353
25 36 353
26 36 353
27 36 353
22 37 349
23 37 352
24 37 352
25 37 352
26 37 351
27 37 352
22 38 346
23 38 350
24 38 350
25 38 351
26 38 351
27 38 352
43 38 358
22 39 344
23 39 348
24 39 349
25 39 350
26 39 350
27 39 352
44 39 359
22 40 343
23 40 348
24 40 348
25 40 349
26 40 349
27 40 351
40 40 358
44 40 357
22 41 342
23 41 346
24 41 346
25 41 347
26 41 347
27 41 348
40 41 356
41 41 357
22 42 342
23 42 345
24 42 345
25 42 346
26 42 345
27 42 346
40 42 357
23 43 341
24 43 341
25 43 341
26 43 340
27 43 342
40 43 356
43 43 351
58 43 356
23 44 342
24 44 341
25 44 340
26 44 339
27 44 341
40 44 353
41 44 354
42 44 352
43 44 350
57 44 356
58 44 355
59 44 355
60 44 356
24 45 340
25 45 338
26 45 337
27 45 340
40 45 350
41 45 351
42 45 349
43 45 349
44 45 348
57 45 356
58 45 355
59 45 355
60 45 354
26 46 335
27 46 340
41 46 350
42 46 349
43 46 348
57 46 356
58 46 355
59 46 355
60 46 354
61 46 355
40 47 348
41 47 347
42 47 347
57 47 352
58 47 353
59 47 353
60 47 352
61 47 351
39 48 355
40 48 346
41 48 345
42 48 346
57 48 351
58 48 350
59 48 352
60 48 350
61 48 349
83 48 469
39 49 352
40 49 343
41 49 342
42 49 342
43 49 341
44 49 338
56 49 349
57 49 350
58 49 350
59 49 351
60 49 350
61 49 349
99 49 358
100 49 352
109 49 492
24 50 355
38 50 352
39 50 346
40 50 341
41 50 340
42 50 340
43 50 339
56 50 347
57 50 347
58 50 349
59 50 351
60 50 350
61 50 348
62 50 349
99 50 359
100 50 354
108 50 484
21 51 357
22 51 358
23 51 354
24 51 355
39 51 341
40 51 339
41 51 338
42 51 338
43 51 338
56 51 346
57 51 346
58 51 347
59 51 349
60 51 348
61 51 347
98 51 356
99 51 358
100 51 354
21 52 357
22 52 356
23 52 348
24 52 349
25 52 347
26 52 330
39 52 341
40 52 339
41 52 338
42 52 338
43 52 338
44 52 337
56 52 348
57 52 346
58 52 347
59 52 348
60 52 348
61 52 347
19 53 345
20 53 345
21 53 355
22 53 351
23 53 341
24 53 342
25 53 335
26 53 330
39 53 337
40 53 337
41 53 336
42 53 337
43 53 337
44 53 337
56 53 349
58 53 347
59 53 346
19 54 346
20 54 346
21 54 354
22 54 348
23 54 335
24 54 332
25 54 330
26 54 329
27 54 328
39 54 335
40 54 335
41 54 335
42 54 335
43 54 336
56 54 349
21 55 356
22 55 343
23 55 331
24 55 330
25 55 328
26 55 329
27 55 327
39 55 332
40 55 334
41 55 333
42 55 334
43 55 334
112 55 388
22 56 338
23 56 329
24 56 329
25 56 328
26 56 329
27 56 327
39 56 331
40 56 332
41 56 332
42 56 333
43 56 333
44 56 333
112 56 394
23 57 329
24 57 330
25 57 328
26 57 329
27 57 327
39 57 329
40 57 331
41 57 331
42 57 331
43 57 332
112 57 398
22 58 345
23 58 328
24 58 329
25 58 328
26 58 328
27 58 327
39 58 329
40 58 329
41 58 330
42 58 329
43 58 329
55 58 376
56 58 374
21 59 347
22 59 344
23 59 327
24 59 328
25 59 326
26 59 327
27 59 325
39 59 327
40 59 328
41 59 329
42 59 329
43 59 329
44 59 329
55 59 376
56 59 374
57 59 374
68 59 374
69 59 373
70 59 373
21 60 347
22 60 346
23 60 325
24 60 326
25 60 325
26 60 325
27 60 323
39 60 327
40 60 327
41 60 328
42 60 328
43 60 328
44 60 327
55 60 374
56 60 372
57 60 372
58 60 372
66 60 372
67 60 373
68 60 373
69 60 372
70 60 371
21 61 345
22 61 345
23 61 326
24 61 325
25 61 324
26 61 323
27 61 322
39 61 326
40 61 326
41 61 326
42 61 326
43 61 325
44 61 325
55 61 373
56 61 370
57 61 370
58 61 370
66 61 370
67 61 371
68 61 371
69 61 371
70 61 369
19 62 341
20 62 343
21 62 344
22 62 343
23 62 326
24 62 324
25 62 323
26 62 320
27 62 320
39 62 322
40 62 323
41 62 323
42 62 323
43 62 323
44 62 323
55 62 372
56 62 368
57 62 367
58 62 368
66 62 369
67 62 370
68 62 369
69 62 369
70 62 367
105 62 368
17 63 344
19 63 343
20 63 344
21 63 345
22 63 342
23 63 326
24 63 322
25 63 321
26 63 317
27 63 317
39 63 319
40 63 322
41 63 322
42 63 322
43 63 322
44 63 323
55 63 372
56 63 368
57 63 368
68 63 369
69 63 369
70 63 366
91 63 375
104 63 366
105 63 368
106 63 368
17 64 344
18 64 342
19 64 343
20 64 343
21 64 344
22 64 342
23 64 326
24 64 322
25 64 322
26 64 316
27 64 316
39 64 319
40 64 321
41 64 321
42 64 321
43 64 320
44 64 322
55 64 372
56 64 369
91 64 372
104 64 364
105 64 364
106 64 363
17 65 345
18 65 344
19 65 344
20 65 344
21 65 343
22 65 339
23 65 325
24 65 322
25 65 321
26 65 315
27 65 315
39 65 317
40 65 320
41 65 320
42 65 320
43 65 319
44 65 321
91 65 372
104 65 364
105 65 364
106 65 362
120 65 450
17 66 345
18 66 344
19 66 343
20 66 343
21 66 342
22 66 334
23 66 323
24 66 319
25 66 318
26 66 315
27 66 315
39 66 318
40 66 319
41 66 319
42 66 319
43 66 318
44 66 320
45 66 321
91 66 371
92 66 363
93 66 357
104 66 363
105 66 363
106 66 361
17 67 346
18 67 345
19 67 344
20 67 344
21 67 343
22 67 334
23 67 322
24 67 319
25 67 318
26 67 315
27 67 315
39 67 320
40 67 319
41 67 319
42 67 318
43 67 318
44 67 319
45 67 319
90 67 364
91 67 367
92 67 364
93 67 362
105 67 360
106 67 358
19 68 344
20 68 343
21 68 341
22 68 333
23 68 320
24 68 317
25 68 317
26 68 314
27 68 314
39 68 319
40 68 317
41 68 317
42 68 316
43 68 316
44 68 316
45 68 316
91 68 364
92 68 363
20 69 343
21 69 340
22 69 331
23 69 315
24 69 314
25 69 314
26 69 313
27 69 312
39 69 322
40 69 317
41 69 316
42 69 315
43 69 315
44 69 315
45 69 315
57 69 346
58 69 345
90 69 362
91 69 362
92 69 362
19 70 343
20 70 343
21 70 342
22 70 336
24 70 311
25 70 310
26 70 306
40 70 317
41 70 315
42 70 315
43 70 315
44 70 315
45 70 314
56 70 345
57 70 343
58 70 342
59 70 343
60 70 341
91 70 362
92 70 363
16 71 348
19 71 344
20 71 343
21 71 343
22 71 339
24 71 310
25 71 304
40 71 316
41 71 314
42 71 314
43 71 314
44 71 314
57 71 342
58 71 341
59 71 342
60 71 341
16 72 347
19 72 342
20 72 342
21 72 340
22 72 338
25 72 303
41 72 314
42 72 314
57 72 339
58 72 339
59 72 340
19 73 340
20 73 342
21 73 340
22 73 340
22 74 341
49 84 317
50 84 319
117 89 346
118 89 346
