21 13 371
11 14 361
12 14 362
13 14 362
20 14 370
21 14 371
11 15 362
12 15 361
13 15 362
19 15 364
20 15 367
21 15 367
22 15 368
11 16 357
12 16 356
13 16 358
20 16 365
21 16 365
11 17 352
12 17 352
13 17 356
11 18 349
12 18 350
13 18 353
10 19 341
11 19 348
12 19 350
13 19 352
11 20 346
12 20 349
13 20 350
20 20 358
22 20 354
11 21 343
12 21 346
13 21 346
20 21 357
29 21 356
12 22 342
13 22 340
20 22 351
21 22 351
22 22 352
29 22 355
20 23 346
22 23 349
29 23 355
30 23 354
20 24 343
21 24 342
29 24 352
30 24 348
55 24 449
12 25 352
20 25 339
21 25 339
22 25 341
28 25 347
29 25 349
30 25 348
50 25 360
10 26 351
11 26 351
12 26 347
20 26 338
21 26 339
22 26 339
28 26 348
29 26 347
30 26 346
10 27 354
11 27 345
12 27 339
13 27 330
20 27 335
21 27 337
22 27 336
10 28 352
11 28 342
12 28 328
13 28 328
20 28 332
21 28 334
22 28 333
12 29 327
13 29 326
14 29 320
20 29 330
21 29 330
22 29 329
12 30 325
13 30 322
14 30 315
20 30 327
21 30 327
22 30 326
28 30 372
34 30 375
35 30 375
10 31 345
12 31 324
13 31 319
20 31 324
21 31 323
22 31 322
28 31 369
33 31 370
34 31 371
10 32 344
11 32 332
12 32 325
13 32 317
20 32 320
21 32 319
22 32 319
46 32 373
53 32 362
10 33 343
11 33 324
12 33 319
13 33 314
20 33 319
21 33 317
22 33 318
46 33 371
53 33 359
10 34 343
11 34 324
12 34 317
13 34 314
20 34 317
21 34 316
22 34 316
46 34 366
53 34 357
10 35 343
12 35 312
13 35 309
20 35 317
21 35 315
22 35 316
28 35 349
29 35 348
30 35 346
46 35 363
10 36 342
11 36 341
28 36 347
