33 11 386
33 12 381
20 13 371
21 13 371
11 14 362
12 14 364
13 14 365
20 14 371
21 14 371
11 15 364
12 15 362
13 15 363
20 15 368
21 15 368
22 15 366
11 16 359
12 16 357
13 16 358
20 16 366
21 16 365
11 17 355
12 17 353
13 17 355
11 18 352
12 18 351
13 18 352
11 19 350
12 19 349
13 19 351
11 20 348
12 20 348
13 20 349
20 20 355
21 20 356
22 20 354
11 21 347
12 21 346
13 21 346
22 21 353
29 21 357
12 22 340
13 22 339
20 22 350
21 22 351
22 22 350
29 22 356
30 22 355
29 23 354
30 23 354
20 24 343
21 24 343
29 24 350
30 24 348
31 24 348
12 25 352
20 25 340
21 25 340
28 25 350
29 25 348
30 25 349
31 25 349
10 26 350
11 26 351
12 26 348
13 26 333
20 26 338
21 26 339
22 26 339
28 26 349
29 26 346
30 26 347
10 27 353
11 27 348
12 27 339
13 27 329
20 27 335
21 27 336
11 28 346
12 28 330
13 28 327
20 28 332
21 28 333
22 28 334
11 29 346
12 29 329
13 29 326
20 29 330
21 29 330
22 29 330
11 30 343
12 30 327
13 30 324
20 30 328
21 30 328
22 30 328
28 30 372
34 30 374
35 30 374
43 30 319
10 31 342
11 31 339
12 31 323
13 31 319
20 31 325
21 31 324
22 31 324
27 31 372
28 31 368
34 31 372
35 31 371
43 31 322
9 32 344
10 32 345
11 32 343
12 32 321
13 32 318
20 32 322
21 32 320
22 32 320
28 32 371
43 32 319
52 32 362
53 32 361
9 33 344
10 33 345
11 33 341
12 33 317
13 33 315
20 33 319
21 33 317
22 33 317
45 33 368
46 33 370
53 33 362
10 34 344
11 34 337
12 34 315
13 34 313
20 34 316
21 34 316
22 34 315
45 34 365
46 34 367
10 35 343
11 35 336
12 35 314
20 35 316
21 35 316
22 35 315
29 35 343
30 35 343
46 35 367
10 36 342
11 36 340
12 36 325
29 36 339
30 36 339
