68 15 384
70 16 372
70 17 373
74 19 508
69 21 315
66 23 383
62 24 382
66 24 383
60 25 385
66 25 380
39 26 369
40 26 370
41 26 370
42 26 370
63 26 388
65 26 383
66 26 381
22 27 361
39 27 369
40 27 370
41 27 370
42 27 370
43 27 371
63 27 386
65 27 380
20 28 358
21 28 359
22 28 360
23 28 361
24 28 361
25 28 362
39 28 367
40 28 368
41 28 368
42 28 368
43 28 368
21 29 361
22 29 361
23 29 361
24 29 361
25 29 361
26 29 361
39 29 366
40 29 367
41 29 367
42 29 368
43 29 368
21 30 361
22 30 363
23 30 360
24 30 361
25 30 362
26 30 361
27 30 358
39 30 365
40 30 366
41 30 366
42 30 366
43 30 367
44 30 368
22 31 360
23 31 358
24 31 358
25 31 359
26 31 359
27 31 356
39 31 364
40 31 365
41 31 365
42 31 365
43 31 366
44 31 367
22 32 359
23 32 357
24 32 357
25 32 358
26 32 358
27 32 354
39 32 363
40 32 365
41 32 366
42 32 366
43 32 366
22 33 357
23 33 355
24 33 356
25 33 356
26 33 356
27 33 352
40 33 364
41 33 366
21 34 348
22 34 352
23 34 353
24 34 354
25 34 354
26 34 354
27 34 351
21 35 348
22 35 350
23 35 351
24 35 352
25 35 352
26 35 351
27 35 351
21 36 347
22 36 349
23 36 351
24 36 352
25 36 351
26 36 351
27 36 351
60 36 368
22 37 347
23 37 350
24 37 351
25 37 351
26 37 351
27 37 351
60 37 366
61 37 367
22 38 346
23 38 349
24 38 349
25 38 350
26 38 351
27 38 352
60 38 364
61 38 364
22 39 344
23 39 348
24 39 348
25 39 349
26 39 350
27 39 352
22 40 345
23 40 348
24 40 348
25 40 349
26 40 349
27 40 351
44 40 358
22 41 344
23 41 347
24 41 347
25 41 348
26 41 347
27 41 349
40 41 357
43 41 356
22 42 343
23 42 345
24 42 344
25 42 345
26 42 344
27 42 346
43 42 355
44 42 355
22 43 334
23 43 341
24 43 340
25 43 341
26 43 339
27 43 342
43 43 352
58 43 356
23 44 340
24 44 339
25 44 339
26 44 337
27 44 340
40 44 352
41 44 351
42 44 350
43 44 350
56 44 357
57 44 355
58 44 355
59 44 355
23 45 338
24 45 337
25 45 338
26 45 337
40 45 350
41 45 349
42 45 349
43 45 348
44 45 348
56 45 353
57 45 354
58 45 355
59 45 355
60 45 353
23 46 334
24 46 334
25 46 335
26 46 333
40 46 348
41 46 348
42 46 348
43 46 348
57 46 350
58 46 353
59 46 354
60 46 353
61 46 353
40 47 345
41 47 345
42 47 346
43 47 345
57 47 349
58 47 352
59 47 353
60 47 351
61 47 350
39 48 351
40 48 344
41 48 343
42 48 344
43 48 343
57 48 350
58 48 350
59 48 352
60 48 350
61 48 348
99 48 362
100 48 361
39 49 348
40 49 342
41 49 341
42 49 342
43 49 342
56 49 348
57 49 348
58 49 349
59 49 351
60 49 351
61 49 349
99 49 361
100 49 358
24 50 358
39 50 343
40 50 340
41 50 339
42 50 340
43 50 340
56 50 348
57 50 347
58 50 349
59 50 351
60 50 350
61 50 348
62 50 348
98 50 356
99 50 360
100 50 357
21 51 359
22 51 359
23 51 358
24 51 357
39 51 338
40 51 338
41 51 336
42 51 338
43 51 338
44 51 339
56 51 348
57 51 347
58 51 349
59 51 350
60 51 349
61 51 346
99 51 359
100 51 355
19 52 350
20 52 353
21 52 357
22 52 357
23 52 352
24 52 350
26 52 329
39 52 340
40 52 339
41 52 338
42 52 339
43 52 339
44 52 339
56 52 348
57 52 345
58 52 347
59 52 348
60 52 348
61 52 347
108 52 565
109 52 567
19 53 349
20 53 350
21 53 357
22 53 354
23 53 344
26 53 329
39 53 337
40 53 338
41 53 337
42 53 338
43 53 339
44 53 339
56 53 349
57 53 343
58 53 346
59 53 346
60 53 347
61 53 347
19 54 349
20 54 351
21 54 355
22 54 349
23 54 333
24 54 329
25 54 328
26 54 328
27 54 326
39 54 336
40 54 336
41 54 336
42 54 337
43 54 338
44 54 337
55 54 350
56 54 348
57 54 342
21 55 355
23 55 331
24 55 328
25 55 327
26 55 327
27 55 326
39 55 333
40 55 334
41 55 334
42 55 336
43 55 337
44 55 336
112 55 395
22 56 342
23 56 330
24 56 328
25 56 327
26 56 327
27 56 326
39 56 333
40 56 333
41 56 333
42 56 333
43 56 334
44 56 332
22 57 344
23 57 330
24 57 330
25 57 328
26 57 328
27 57 327
39 57 330
40 57 331
41 57 331
42 57 331
43 57 332
111 57 390
112 57 389
22 58 344
23 58 329
24 58 329
25 58 327
26 58 327
27 58 325
39 58 328
40 58 329
41 58 329
42 58 329
111 58 388
21 59 349
22 59 346
23 59 328
24 59 328
25 59 326
26 59 325
27 59 325
39 59 327
40 59 328
41 59 328
42 59 328
43 59 328
44 59 328
55 59 375
56 59 374
57 59 373
68 59 376
69 59 376
21 60 346
22 60 345
23 60 327
24 60 326
25 60 325
26 60 323
27 60 322
39 60 327
40 60 327
41 60 327
42 60 327
43 60 327
44 60 326
55 60 374
56 60 372
57 60 372
66 60 372
68 60 374
69 60 374
70 60 374
21 61 344
22 61 343
23 61 326
24 61 324
25 61 323
26 61 320
27 61 320
39 61 325
40 61 325
41 61 325
42 61 325
43 61 325
44 61 325
55 61 372
56 61 369
57 61 370
58 61 370
68 61 372
69 61 372
70 61 371
86 61 310
105 61 366
21 62 344
22 62 342
23 62 325
24 62 322
25 62 321
26 62 317
27 62 318
39 62 321
40 62 323
41 62 323
42 62 323
43 62 323
44 62 324
55 62 371
56 62 366
57 62 367
58 62 367
68 62 369
69 62 369
70 62 368
104 62 364
105 62 364
20 63 345
21 63 345
22 63 340
23 63 325
24 63 321
25 63 320
26 63 315
27 63 317
39 63 318
40 63 321
41 63 321
42 63 321
43 63 322
44 63 322
55 63 372
56 63 368
58 63 367
68 63 367
69 63 367
70 63 367
86 63 309
104 63 363
105 63 364
19 64 343
20 64 344
21 64 343
22 64 339
23 64 324
24 64 320
25 64 319
26 64 314
27 64 315
39 64 317
40 64 320
41 64 320
42 64 320
43 64 320
44 64 322
91 64 366
104 64 363
105 64 363
106 64 361
17 65 344
18 65 344
19 65 343
20 65 344
21 65 343
22 65 337
23 65 321
24 65 319
25 65 318
26 65 313
27 65 315
39 65 315
40 65 318
41 65 319
42 65 319
43 65 319
44 65 321
91 65 366
104 65 361
105 65 361
106 65 355
18 66 345
19 66 344
20 66 344
21 66 344
22 66 334
23 66 319
24 66 318
25 66 317
26 66 313
27 66 315
39 66 315
40 66 317
41 66 318
42 66 318
43 66 319
44 66 320
91 66 367
92 66 364
105 66 358
106 66 351
18 67 344
19 67 344
20 67 344
21 67 342
22 67 331
23 67 316
24 67 315
25 67 315
26 67 312
27 67 313
40 67 317
41 67 317
42 67 318
43 67 318
44 67 319
45 67 323
91 67 366
92 67 364
105 67 355
106 67 350
20 68 345
21 68 342
22 68 330
23 68 314
24 68 313
25 68 314
26 68 311
40 68 316
41 68 316
42 68 316
43 68 317
44 68 317
45 68 320
91 68 364
92 68 362
93 68 357
22 69 329
23 69 313
24 69 313
25 69 315
26 69 312
39 69 318
40 69 317
41 69 316
42 69 317
43 69 317
44 69 317
56 69 348
57 69 347
58 69 347
59 69 347
91 69 362
92 69 362
93 69 358
20 70 345
21 70 340
22 70 330
23 70 311
24 70 312
25 70 313
26 70 308
40 70 317
41 70 316
42 70 316
43 70 316
44 70 316
57 70 343
58 70 343
59 70 342
91 70 361
92 70 362
16 71 344
20 71 345
21 71 342
22 71 335
24 71 312
25 71 312
26 71 303
40 71 316
41 71 315
42 71 314
57 71 340
58 71 341
67 71 347
22 72 341
57 72 340
58 72 339
57 73 338
57 74 335
115 76 359
116 76 359
117 76 359
118 76 359
115 77 357
116 77 357
117 77 357
41 84 338
42 84 338
50 84 323
42 85 333
42 86 331
117 86 347
117 87 347
118 87 348
117 88 346
118 88 347
62 89 370
63 89 365
116 89 346
117 89 346
118 89 345
123 89 497
124 89 499
124 90 495
