53 8 528
54 8 533
19 9 549
19 11 549
69 15 381
68 18 383
62 23 381
60 24 385
60 25 385
67 25 380
40 26 372
41 26 371
42 26 372
21 27 365
22 27 363
23 27 364
40 27 371
41 27 371
42 27 371
43 27 373
21 28 362
22 28 361
23 28 363
24 28 363
39 28 368
40 28 369
41 28 369
42 28 370
43 28 371
21 29 364
22 29 360
23 29 364
24 29 362
25 29 362
39 29 370
40 29 369
41 29 369
42 29 370
43 29 369
21 30 362
22 30 359
23 30 362
24 30 360
25 30 361
26 30 360
27 30 357
39 30 368
40 30 367
41 30 367
42 30 367
43 30 366
21 31 358
22 31 357
23 31 359
24 31 358
25 31 359
26 31 359
39 31 367
40 31 366
41 31 365
42 31 366
43 31 365
21 32 355
22 32 356
23 32 357
24 32 356
25 32 358
26 32 358
27 32 352
39 32 366
40 32 367
41 32 366
42 32 366
22 33 353
23 33 355
24 33 355
25 33 356
26 33 356
27 33 350
40 33 365
41 33 364
22 34 350
23 34 352
24 34 352
25 34 355
26 34 355
27 34 349
97 34 465
22 35 349
23 35 351
24 35 351
25 35 352
26 35 352
27 35 347
97 35 461
22 36 348
23 36 351
24 36 351
25 36 352
26 36 352
27 36 347
22 37 347
23 37 350
24 37 350
25 37 350
26 37 351
27 37 348
61 37 364
62 37 365
22 38 346
23 38 349
24 38 349
25 38 350
26 38 352
27 38 348
42 38 356
43 38 356
44 38 357
45 38 358
61 38 363
22 39 347
23 39 349
24 39 349
25 39 350
26 39 352
27 39 349
42 39 357
43 39 358
44 39 358
45 39 357
22 40 346
23 40 348
24 40 348
25 40 349
26 40 350
27 40 348
23 41 347
24 41 347
25 41 347
26 41 348
27 41 347
40 41 357
42 41 356
23 42 346
24 42 345
25 42 346
26 42 345
42 42 356
43 42 354
23 43 342
24 43 341
25 43 342
26 43 340
27 43 340
43 43 352
58 43 359
59 43 357
23 44 342
24 44 340
25 44 340
26 44 338
27 44 337
41 44 352
42 44 352
43 44 351
57 44 355
58 44 357
59 44 356
60 44 355
85 44 541
24 45 340
25 45 340
26 45 338
27 45 336
41 45 350
42 45 350
43 45 349
56 45 354
57 45 353
58 45 357
59 45 356
60 45 355
25 46 338
26 46 336
27 46 333
41 46 348
42 46 349
43 46 348
57 46 354
58 46 356
59 46 355
60 46 354
41 47 345
57 47 351
58 47 355
59 47 352
60 47 351
61 47 348
40 48 345
41 48 343
42 48 345
43 48 343
57 48 349
58 48 353
59 48 351
60 48 348
61 48 347
62 48 345
40 49 342
41 49 341
42 49 342
43 49 341
57 49 347
58 49 351
59 49 349
60 49 348
61 49 346
109 49 538
110 49 539
111 49 540
27 50 309
39 50 333
40 50 340
41 50 339
42 50 340
43 50 340
56 50 347
57 50 348
58 50 352
59 50 350
60 50 350
61 50 348
62 50 348
99 50 358
108 50 528
109 50 533
110 50 536
111 50 538
21 51 359
22 51 360
23 51 360
27 51 315
39 51 330
40 51 337
41 51 338
42 51 339
43 51 339
56 51 347
57 51 347
58 51 351
59 51 349
60 51 349
61 51 347
99 51 357
109 51 528
110 51 531
21 52 357
22 52 358
23 52 357
27 52 317
28 52 350
39 52 331
40 52 338
41 52 338
42 52 339
43 52 339
44 52 341
56 52 348
57 52 346
58 52 350
59 52 348
60 52 348
61 52 348
108 52 522
109 52 525
110 52 526
19 53 342
21 53 353
22 53 352
23 53 344
25 53 332
27 53 321
39 53 331
40 53 336
41 53 336
42 53 339
43 53 338
44 53 340
56 53 350
57 53 346
58 53 350
59 53 346
60 53 347
61 53 347
21 54 353
22 54 348
23 54 336
24 54 331
25 54 328
26 54 328
27 54 322
39 54 333
40 54 335
41 54 335
42 54 338
43 54 337
54 54 352
56 54 351
21 55 351
22 55 344
23 55 333
24 55 331
25 55 329
26 55 328
27 55 324
39 55 331
40 55 334
41 55 333
42 55 335
43 55 335
44 55 335
21 56 349
22 56 345
23 56 334
24 56 333
25 56 330
26 56 329
27 56 326
39 56 330
40 56 333
41 56 332
42 56 334
43 56 333
44 56 332
22 57 348
23 57 335
24 57 335
25 57 330
26 57 329
27 57 325
39 57 330
40 57 332
41 57 331
42 57 332
43 57 331
44 57 331
55 57 374
22 58 346
23 58 336
24 58 334
25 58 330
26 58 329
27 58 325
39 58 329
40 58 330
41 58 330
42 58 330
43 58 330
44 58 329
55 58 375
56 58 374
68 58 378
22 59 343
23 59 332
24 59 332
25 59 329
26 59 327
27 59 324
39 59 328
40 59 329
41 59 329
42 59 329
43 59 329
44 59 328
55 59 374
56 59 374
57 59 374
68 59 376
69 59 375
22 60 342
23 60 329
24 60 328
25 60 327
26 60 325
27 60 321
39 60 330
40 60 328
41 60 328
42 60 328
43 60 328
44 60 324
55 60 370
56 60 372
57 60 372
58 60 372
68 60 374
69 60 374
70 60 375
86 60 320
20 61 341
21 61 340
22 61 341
23 61 328
24 61 326
25 61 325
26 61 320
27 61 317
39 61 327
40 61 326
41 61 325
42 61 325
43 61 325
44 61 321
55 61 366
56 61 368
57 61 369
58 61 370
66 61 373
68 61 372
69 61 372
70 61 372
86 61 318
20 62 342
21 62 340
22 62 339
23 62 328
24 62 324
25 62 322
26 62 317
27 62 315
40 62 324
41 62 323
42 62 323
43 62 323
44 62 320
55 62 364
56 62 365
57 62 365
58 62 367
68 62 370
69 62 369
70 62 369
86 62 319
105 62 364
20 63 344
21 63 342
22 63 342
23 63 328
24 63 325
25 63 323
26 63 316
27 63 314
40 63 322
41 63 321
42 63 320
43 63 321
44 63 318
55 63 363
56 63 364
57 63 365
68 63 368
69 63 368
70 63 368
86 63 320
90 63 374
91 63 375
104 63 363
105 63 364
106 63 375
19 64 344
20 64 344
21 64 343
22 64 343
23 64 330
24 64 323
25 64 322
26 64 315
27 64 313
40 64 320
41 64 319
42 64 319
43 64 319
44 64 318
56 64 366
69 64 367
90 64 368
91 64 373
104 64 363
105 64 363
106 64 374
17 65 346
19 65 345
20 65 345
21 65 344
22 65 343
23 65 328
24 65 322
25 65 320
26 65 314
27 65 313
40 65 318
41 65 317
42 65 317
43 65 317
44 65 317
90 65 368
91 65 372
92 65 370
104 65 361
105 65 362
106 65 365
120 65 454
19 66 343
20 66 343
21 66 341
22 66 337
23 66 327
24 66 319
25 66 318
26 66 313
27 66 313
40 66 318
41 66 317
42 66 317
43 66 317
44 66 316
89 66 366
90 66 367
91 66 371
92 66 369
105 66 359
106 66 357
20 67 343
22 67 333
23 67 325
24 67 317
25 67 316
26 67 313
27 67 314
40 67 318
41 67 316
42 67 317
43 67 317
44 67 317
90 67 366
91 67 368
92 67 368
93 67 363
105 67 359
106 67 356
23 68 314
24 68 312
25 68 312
26 68 309
27 68 312
40 68 317
41 68 316
42 68 316
43 68 317
44 68 317
90 68 364
91 68 367
92 68 365
93 68 362
23 69 311
24 69 311
25 69 310
26 69 309
27 69 312
40 69 317
41 69 315
42 69 315
43 69 315
44 69 315
57 69 344
58 69 344
59 69 345
90 69 364
91 69 365
92 69 364
93 69 363
16 70 346
23 70 309
24 70 309
25 70 308
26 70 306
40 70 317
41 70 315
42 70 315
43 70 315
44 70 315
56 70 343
57 70 341
58 70 341
59 70 342
60 70 342
67 70 346
90 70 363
91 70 363
92 70 364
16 71 343
23 71 307
24 71 304
25 71 302
40 71 316
41 71 314
42 71 314
57 71 341
58 71 341
59 71 342
67 71 346
16 72 341
57 72 340
58 72 340
59 72 342
60 72 340
16 73 336
17 73 335
57 73 339
60 73 338
117 86 347
117 87 346
118 87 349
117 88 345
118 88 348
123 88 498
124 88 500
117 89 346
118 89 349
123 89 497
124 89 501
123 90 494
124 90 499
