27 6 372
85 9 366
87 9 365
118 10 457
70 16 375
70 17 370
71 17 373
60 23 379
60 24 384
60 25 386
40 26 373
41 26 370
42 26 371
20 27 346
21 27 356
22 27 359
24 27 367
26 27 370
40 27 373
41 27 371
42 27 372
43 27 375
66 27 372
21 28 357
22 28 359
23 28 365
24 28 366
25 28 366
26 28 367
39 28 369
40 28 371
41 28 370
42 28 370
43 28 373
21 29 361
22 29 360
23 29 367
24 29 366
25 29 367
26 29 368
39 29 371
40 29 371
41 29 370
42 29 371
43 29 373
21 30 360
22 30 359
23 30 364
24 30 363
25 30 362
26 30 363
39 30 368
40 30 369
41 30 369
42 30 369
43 30 371
21 31 361
22 31 358
23 31 361
24 31 360
25 31 359
39 31 364
40 31 367
41 31 367
42 31 367
43 31 368
22 32 356
23 32 359
24 32 358
25 32 358
26 32 357
27 32 352
39 32 362
40 32 367
41 32 366
42 32 366
22 33 354
23 33 357
24 33 355
25 33 355
26 33 355
27 33 352
40 33 365
41 33 364
110 33 470
22 34 351
23 34 354
24 34 353
25 34 353
26 34 353
27 34 352
22 35 350
23 35 352
24 35 351
25 35 353
26 35 352
27 35 353
97 35 459
22 36 348
23 36 351
24 36 350
25 36 352
26 36 352
27 36 353
61 36 369
62 36 368
22 37 347
23 37 350
24 37 351
25 37 352
26 37 353
27 37 354
60 37 365
61 37 366
62 37 367
22 38 346
23 38 349
24 38 350
25 38 352
26 38 353
27 38 354
42 38 356
43 38 355
44 38 357
45 38 359
61 38 364
22 39 345
23 39 348
24 39 350
25 39 351
26 39 353
27 39 354
42 39 357
43 39 355
44 39 355
45 39 358
22 40 343
23 40 346
24 40 349
25 40 350
26 40 353
27 40 355
23 41 344
24 41 346
25 41 348
26 41 349
27 41 352
23 42 342
24 42 344
25 42 346
26 42 346
39 42 376
41 42 358
43 42 350
23 43 338
24 43 340
25 43 341
26 43 339
41 43 355
42 43 354
43 43 351
57 43 357
58 43 360
59 43 355
24 44 336
25 44 335
26 44 333
41 44 351
42 44 350
43 44 350
57 44 355
58 44 355
59 44 354
60 44 354
25 45 334
26 45 333
41 45 348
42 45 348
43 45 349
56 45 344
57 45 354
58 45 354
59 45 355
60 45 355
40 46 348
41 46 347
42 46 348
43 46 348
56 46 330
57 46 354
58 46 352
59 46 353
60 46 353
61 46 352
40 47 347
43 47 345
56 47 327
57 47 352
58 47 351
59 47 352
60 47 351
61 47 350
40 48 345
41 48 344
42 48 346
43 48 344
56 48 330
57 48 352
58 48 351
59 48 351
60 48 350
61 48 349
109 48 543
110 48 540
40 49 343
41 49 343
42 49 343
43 49 342
57 49 351
58 49 350
59 49 351
60 49 352
61 49 350
109 49 541
110 49 537
111 49 538
27 50 329
40 50 341
41 50 341
42 50 341
43 50 341
57 50 349
58 50 350
59 50 352
60 50 353
61 50 351
99 50 359
102 50 454
109 50 536
110 50 535
111 50 536
22 51 354
23 51 356
25 51 342
27 51 327
40 51 340
41 51 339
42 51 339
43 51 340
56 51 349
57 51 348
58 51 348
59 51 350
60 51 352
61 51 350
99 51 360
108 51 523
109 51 529
110 51 528
111 51 532
21 52 356
22 52 351
23 52 353
25 52 338
26 52 335
40 52 340
41 52 338
42 52 338
43 52 339
44 52 339
55 52 350
56 52 350
57 52 346
58 52 347
59 52 348
60 52 350
61 52 349
111 52 529
19 53 340
21 53 352
22 53 348
23 53 343
24 53 338
25 53 332
26 53 331
40 53 339
41 53 336
42 53 337
43 53 338
54 53 350
55 53 352
56 53 351
57 53 347
58 53 348
59 53 347
60 53 348
95 53 587
21 54 350
22 54 350
23 54 335
24 54 333
25 54 330
26 54 329
40 54 338
41 54 335
42 54 336
43 54 336
54 54 352
55 54 354
56 54 353
57 54 347
94 54 593
21 55 351
22 55 349
23 55 335
24 55 332
25 55 329
26 55 329
40 55 337
41 55 334
42 55 335
43 55 335
22 56 348
24 56 330
25 56 328
26 56 328
40 56 334
41 56 331
42 56 332
43 56 333
112 56 392
22 57 350
23 57 343
24 57 331
25 57 329
26 57 328
40 57 332
41 57 330
42 57 330
43 57 330
55 57 373
56 57 374
113 57 393
22 58 348
23 58 343
24 58 328
25 58 328
26 58 326
27 58 322
39 58 331
40 58 331
41 58 329
42 58 330
43 58 330
55 58 373
56 58 374
67 58 379
68 58 379
22 59 346
24 59 325
25 59 325
26 59 324
27 59 322
28 59 323
29 59 327
39 59 331
40 59 330
41 59 329
42 59 329
43 59 329
55 59 368
56 59 373
57 59 374
58 59 374
68 59 377
69 59 376
21 60 346
22 60 347
23 60 329
24 60 324
25 60 324
26 60 323
27 60 323
28 60 322
39 60 338
40 60 329
41 60 328
42 60 327
43 60 328
44 60 325
55 60 365
56 60 372
57 60 372
58 60 372
67 60 374
68 60 375
69 60 374
70 60 374
21 61 344
22 61 346
23 61 327
24 61 322
25 61 321
26 61 320
27 61 319
39 61 333
40 61 327
41 61 325
42 61 325
43 61 325
44 61 323
55 61 362
56 61 367
57 61 368
58 61 369
66 61 373
67 61 372
68 61 373
69 61 373
70 61 372
85 61 305
20 62 346
21 62 344
22 62 346
23 62 328
24 62 321
25 62 320
26 62 318
27 62 318
40 62 325
41 62 323
42 62 323
43 62 323
44 62 322
55 62 363
56 62 366
57 62 367
58 62 367
67 62 369
68 62 372
69 62 371
70 62 370
88 62 368
91 62 369
104 62 369
105 62 370
20 63 345
21 63 345
22 63 346
24 63 321
25 63 319
26 63 316
40 63 323
41 63 321
42 63 321
43 63 321
44 63 321
55 63 363
56 63 366
57 63 365
67 63 367
68 63 370
69 63 370
85 63 307
91 63 371
104 63 368
105 63 369
17 64 342
18 64 343
19 64 343
20 64 344
21 64 345
22 64 345
23 64 333
24 64 323
25 64 320
26 64 316
40 64 320
41 64 319
42 64 320
43 64 320
44 64 320
85 64 312
90 64 370
91 64 371
104 64 364
105 64 365
106 64 374
17 65 344
18 65 344
19 65 345
20 65 345
21 65 345
22 65 346
23 65 332
24 65 323
25 65 320
26 65 315
40 65 319
41 65 319
42 65 319
43 65 319
44 65 319
85 65 314
86 65 318
90 65 370
91 65 372
104 65 361
105 65 361
17 66 341
18 66 341
19 66 341
20 66 341
21 66 342
22 66 344
23 66 329
24 66 321
25 66 318
26 66 315
40 66 318
41 66 318
42 66 318
43 66 319
44 66 318
90 66 370
91 66 371
92 66 369
104 66 360
105 66 360
106 66 355
18 67 342
19 67 343
20 67 342
21 67 341
22 67 344
23 67 327
24 67 318
25 67 315
26 67 314
40 67 316
41 67 317
42 67 317
43 67 317
44 67 317
90 67 367
91 67 369
92 67 370
105 67 358
106 67 351
20 68 343
21 68 338
22 68 343
23 68 321
24 68 315
25 68 313
26 68 312
27 68 313
40 68 315
41 68 316
42 68 316
43 68 316
44 68 316
57 68 352
58 68 350
59 68 350
90 68 365
91 68 368
92 68 368
105 68 355
21 69 333
22 69 339
23 69 316
24 69 313
25 69 311
26 69 311
27 69 312
39 69 338
40 69 315
41 69 315
42 69 314
43 69 314
56 69 344
57 69 348
58 69 347
59 69 347
90 69 363
91 69 365
92 69 366
21 70 337
22 70 339
23 70 313
24 70 312
25 70 311
26 70 311
39 70 335
40 70 315
41 70 314
42 70 313
56 70 345
57 70 347
58 70 346
59 70 346
60 70 346
67 70 346
90 70 363
91 70 364
92 70 365
19 71 343
20 71 342
21 71 341
22 71 341
23 71 315
25 71 309
26 71 309
39 71 333
40 71 317
41 71 314
56 71 346
57 71 345
58 71 344
59 71 344
67 71 342
20 72 342
21 72 342
22 72 341
25 72 308
56 72 343
57 72 344
58 72 341
59 72 343
20 73 343
22 73 342
56 73 338
57 73 338
56 74 333
106 74 348
23 76 375
43 84 348
44 84 346
43 85 348
49 85 321
117 86 348
117 87 347
118 87 348
60 88 366
117 88 347
118 88 346
117 89 347
118 89 346
123 89 500
123 90 497
123 91 497
