0.64 0.001064011494519599
0.64 0.0010642017844828021
1.21 0.0015260116376059165
1.21 0.0015259687176412884
1.52 0.0017316996352847755
1.52 0.001732730565503343
2.05 0.002047765083190019
2.05 0.0020459126437620276
2.50 0.002280065785016413
2.50 0.002285906014645657
2.71 0.002370848942895242
2.71 0.0023694545302279588
3.05 0.00251835862273294
3.05 0.002520490276011753
3.42 0.0026595952753992584
3.42 0.002836764872408028
3.42 0.0026604250568854283
3.42 0.0026650166155627766
3.93 0.0028326407052312705
3.93 0.00283411471238961
3.93 0.0028344070992000637