100 10 355
99 11 350
100 11 351
101 11 351
102 11 348
99 12 348
100 12 349
101 12 349
102 12 347
103 12 347
100 13 349
101 13 349
102 13 347
100 14 348
101 14 350
102 14 348
103 14 348
100 15 347
101 15 347
102 15 347
103 15 347
100 16 345
101 16 346
102 16 346
103 16 346
100 17 342
101 17 345
102 17 344
103 17 343
100 18 341
101 18 344
102 18 343
103 18 342
104 18 343
100 19 342
101 19 344
102 19 343
103 19 343
104 19 345
100 20 343
101 20 344
102 20 343
103 20 342
100 21 343
101 21 344
102 21 344
103 21 342
104 21 345
100 22 342
101 22 342
102 22 341
103 22 341
104 22 342
100 23 342
101 23 342
102 23 341
103 23 341
104 23 340
100 24 339
101 24 340
102 24 340
103 24 340
104 24 340
46 25 412
47 25 412
49 25 414
68 25 389
100 25 338
101 25 340
102 25 339
103 25 341
104 25 340
46 26 412
47 26 413
49 26 414
67 26 389
68 26 387
69 26 387
70 26 387
100 26 339
101 26 339
102 26 337
103 26 341
104 26 341
46 27 412
47 27 412
48 27 412
49 27 412
66 27 386
67 27 388
68 27 385
69 27 385
70 27 385
100 27 339
101 27 339
102 27 335
103 27 339
104 27 341
43 28 418
45 28 415
46 28 412
47 28 412
48 28 412
49 28 412
66 28 383
67 28 386
68 28 383
69 28 383
70 28 382
101 28 336
103 28 333
104 28 341
42 29 416
43 29 418
45 29 417
46 29 412
47 29 412
48 29 412
49 29 411
66 29 381
67 29 383
68 29 382
69 29 382
70 29 381
71 29 381
45 30 417
46 30 411
47 30 411
48 30 411
49 30 410
67 30 381
68 30 381
69 30 381
70 30 381
71 30 382
45 31 416
48 31 409
49 31 407
67 31 380
68 31 379
69 31 380
70 31 380
71 31 381
101 31 325
47 32 398
48 32 401
49 32 399
50 32 395
67 32 378
68 32 378
69 32 378
70 32 378
71 32 379
100 32 329
101 32 324
102 32 323
103 32 319
46 33 397
47 33 397
48 33 399
49 33 398
50 33 396
67 33 376
68 33 375
69 33 375
70 33 376
100 33 331
101 33 325
102 33 324
103 33 322
46 34 397
47 34 398
48 34 399
49 34 400
50 34 401
67 34 373
68 34 373
69 34 373
70 34 374
104 34 325
46 35 398
47 35 397
48 35 398
49 35 398
50 35 402
67 35 367
68 35 369
69 35 369
70 35 371
47 36 398
48 36 398
49 36 398
67 36 362
68 36 367
69 36 367
101 41 334
102 41 334
81 42 389
100 42 339
101 42 333
102 42 333
103 42 331
104 42 329
72 43 374
73 43 373
74 43 373
97 43 371
99 43 346
100 43 339
101 43 334
102 43 334
103 43 332
104 43 331
71 44 373
72 44 372
73 44 370
74 44 372
75 44 370
100 44 339
101 44 335
102 44 335
103 44 333
104 44 330
71 45 366
72 45 365
73 45 366
74 45 367
75 45 365
98 45 349
99 45 343
100 45 339
101 45 336
102 45 336
103 45 334
104 45 331
105 45 331
71 46 364
72 46 364
73 46 365
74 46 365
75 46 365
99 46 342
100 46 338
101 46 335
102 46 335
103 46 333
104 46 331
72 47 364
73 47 366
74 47 365
75 47 364
98 47 345
99 47 341
100 47 337
101 47 335
102 47 335
103 47 333
104 47 332
105 47 333
71 48 359
72 48 362
73 48 364
74 48 363
75 48 364
83 48 382
98 48 352
99 48 342
100 48 336
101 48 333
102 48 334
103 48 331
104 48 330
71 49 356
72 49 361
73 49 363
74 49 363
75 49 364
83 49 383
84 49 383
100 49 334
101 49 331
102 49 331
103 49 329
104 49 329
71 50 357
72 50 362
73 50 363
74 50 364
75 50 364
101 50 329
102 50 329
103 50 327
104 50 325
71 51 356
73 51 362
74 51 363
75 51 364
101 51 330
102 51 329
52 52 575
70 52 470
71 52 356
73 52 362
74 52 363
75 52 364
84 52 374
85 52 374
86 52 375
87 52 374
52 53 574
74 53 362
75 53 362
84 53 372
85 53 374
86 53 374
87 53 373
85 54 373
86 54 373
87 54 373
25 55 558
72 55 353
74 55 355
85 55 374
83 57 382
118 57 406
46 58 400
82 58 374
83 58 380
98 58 354
46 59 401
83 59 383
96 59 349
97 59 348
98 59 350
46 60 403
96 60 348
97 60 347
98 60 349
84 61 405
85 61 417
86 61 420
94 61 349
95 61 351
96 61 348
97 61 347
85 62 421
86 62 423
94 62 353
95 62 354
96 62 347
97 62 345
94 63 353
95 63 353
96 63 345
97 63 343
94 64 352
95 64 350
96 64 343
97 64 342
98 64 343
95 65 348
96 65 342
97 65 340
98 65 341
99 65 339
106 65 326
74 66 533
75 66 531
76 66 529
78 66 528
96 66 340
97 66 338
98 66 340
99 66 339
106 66 325
107 66 327
108 66 326
109 66 326
74 67 532
75 67 530
76 67 528
78 67 529
96 67 339
97 67 337
98 67 338
99 67 336
100 67 336
50 68 432
74 68 532
75 68 527
76 68 526
77 68 528
78 68 526
96 68 339
97 68 336
98 68 336
99 68 335
124 68 341
125 68 341
74 69 532
75 69 525
76 69 524
77 69 525
96 69 337
97 69 335
98 69 333
99 69 332
124 69 343
125 69 343
50 70 427
51 70 431
75 70 522
76 70 521
77 70 523
96 70 336
98 70 332
99 70 331
124 70 343
125 70 343
50 71 426
51 71 428
75 71 519
76 71 518
77 71 521
97 71 332
98 71 330
99 71 330
123 71 340
124 71 342
125 71 341
48 72 424
50 72 424
51 72 427
80 72 368
97 72 332
98 72 330
99 72 331
123 72 340
124 72 342
48 73 423
49 73 422
50 73 425
51 73 428
86 73 434
98 73 329
99 73 330
123 73 341
51 74 429
75 74 500
85 74 432
86 74 437
98 74 326
99 74 328
109 74 364
110 74 364
111 74 364
112 74 365
123 74 341
74 75 494
75 75 499
76 75 499
77 75 496
85 75 433
86 75 436
98 75 328
99 75 329
109 75 363
110 75 363
111 75 363
112 75 365
123 75 337
74 76 494
75 76 498
76 76 499
77 76 496
96 76 331
97 76 330
98 76 330
109 76 363
110 76 364
111 76 363
112 76 366
57 77 501
60 77 307
61 77 307
74 77 497
75 77 498
76 77 498
96 77 331
111 77 363
112 77 368
57 78 498
60 78 305
61 78 306
76 78 501
42 79 378
43 79 377
44 79 377
45 79 377
46 79 376
56 79 492
57 79 495
58 79 498
60 79 303
61 79 303
62 79 413
64 79 529
65 79 533
66 79 535
74 79 504
75 79 501
76 79 503
42 80 375
43 80 375
44 80 376
45 80 376
46 80 375
47 80 374
56 80 490
57 80 493
58 80 495
64 80 525
65 80 531
66 80 533
73 80 509
41 81 365
42 81 372
43 81 373
44 81 374
45 81 374
46 81 373
47 81 371
56 81 488
57 81 491
58 81 494
59 81 500
60 81 403
61 81 405
64 81 523
65 81 527
66 81 529
67 81 531
71 81 512
72 81 512
73 81 509
41 82 363
42 82 369
43 82 369
44 82 371
45 82 371
46 82 371
47 82 368
48 82 364
55 82 483
56 82 487
57 82 489
58 82 492
59 82 498
60 82 401
61 82 402
63 82 517
64 82 521
65 82 523
66 82 526
67 82 528
71 82 508
72 82 509
73 82 509
44 83 367
45 83 367
46 83 369
47 83 365
54 83 482
55 83 484
56 83 486
57 83 488
58 83 491
59 83 496
60 83 399
61 83 400
63 83 514
64 83 518
65 83 520
66 83 523
67 83 524
70 83 507
47 84 369
54 84 483
55 84 483
56 84 485
57 84 487
58 84 489
59 84 494
60 84 398
61 84 398
62 84 401
63 84 513
64 84 517
65 84 519
66 84 521
67 84 522
70 84 506
54 85 483
55 85 483
56 85 485
57 85 486
58 85 488
59 85 494
60 85 396
61 85 396
63 85 511
64 85 515
65 85 518
66 85 520
67 85 520
68 85 508
70 85 506
54 86 482
55 86 482
56 86 484
57 86 486
58 86 488
59 86 492
61 86 395
63 86 510
64 86 514
65 86 516
66 86 519
67 86 520
70 86 506
86 86 437
54 87 482
55 87 482
56 87 483
57 87 485
58 87 487
63 87 509
64 87 512
65 87 515
66 87 518
67 87 517
75 87 435
85 87 438
86 87 437
87 87 435
54 88 480
55 88 480
56 88 482
57 88 484
58 88 487
63 88 508
64 88 509
65 88 512
66 88 515
67 88 512
68 88 497
69 88 501
70 88 501
75 88 438
83 88 436
84 88 433
85 88 436
86 88 435
87 88 435
55 89 478
56 89 480
57 89 484
63 89 506
64 89 508
65 89 510
66 89 511
67 89 508
69 89 500
70 89 497
75 89 440
76 89 439
78 89 437
83 89 433
84 89 431
85 89 435
86 89 432
87 89 433
56 90 478
64 90 508
65 90 509
66 90 510
67 90 508
69 90 499
70 90 494
75 90 445
83 90 427
84 90 427
85 90 432
86 90 430
87 90 431
65 91 508
66 91 510
67 91 509
69 91 498
70 91 493
85 91 430
86 91 429
87 91 431
