24 3 518
23 4 519
24 4 518
25 4 518
27 4 516
20 5 514
21 5 515
22 5 519
23 5 519
24 5 518
25 5 519
26 5 517
27 5 516
64 5 453
100 5 444
18 6 508
19 6 512
20 6 514
21 6 514
22 6 517
23 6 518
24 6 518
25 6 518
26 6 516
27 6 515
28 6 510
30 6 507
48 6 455
64 6 450
102 6 448
18 7 509
19 7 512
20 7 513
21 7 513
22 7 515
23 7 516
24 7 517
25 7 517
26 7 514
27 7 513
28 7 508
29 7 504
30 7 505
47 7 443
48 7 451
49 7 444
50 7 443
18 8 512
19 8 513
20 8 513
21 8 512
22 8 513
23 8 515
24 8 516
25 8 516
26 8 513
27 8 512
28 8 506
29 8 501
30 8 503
47 8 441
48 8 443
49 8 441
51 8 434
18 9 511
19 9 513
20 9 512
21 9 512
22 9 512
23 9 514
24 9 515
25 9 514
26 9 511
27 9 510
28 9 505
29 9 499
30 9 502
47 9 440
49 9 439
51 9 433
18 10 512
19 10 513
20 10 512
21 10 512
22 10 511
23 10 512
24 10 513
25 10 512
26 10 509
27 10 508
28 10 504
29 10 499
30 10 501
31 10 500
47 10 440
48 10 441
49 10 440
50 10 439
51 10 432
52 10 433
61 10 446
18 11 511
19 11 511
20 11 510
21 11 509
22 11 509
23 11 510
24 11 511
25 11 510
26 11 509
27 11 508
28 11 504
29 11 500
30 11 501
46 11 445
48 11 441
51 11 432
64 11 432
18 12 509
19 12 508
20 12 507
21 12 506
22 12 507
23 12 508
24 12 509
25 12 509
26 12 508
27 12 507
28 12 503
29 12 500
30 12 500
33 12 381
34 12 388
46 12 446
48 12 443
63 12 432
18 13 508
19 13 507
20 13 506
21 13 504
22 13 505
23 13 507
24 13 508
25 13 508
26 13 507
27 13 506
28 13 503
29 13 500
30 13 500
31 13 501
42 13 444
43 13 442
44 13 442
45 13 445
46 13 446
48 13 444
51 13 437
62 13 431
18 14 508
19 14 507
20 14 505
21 14 502
22 14 503
23 14 504
24 14 505
25 14 506
26 14 506
27 14 505
28 14 502
29 14 499
30 14 498
31 14 500
42 14 443
43 14 443
44 14 444
45 14 447
46 14 447
47 14 443
48 14 443
49 14 443
55 14 419
56 14 413
61 14 431
62 14 430
18 15 502
19 15 504
20 15 502
21 15 499
22 15 502
23 15 503
24 15 503
25 15 504
26 15 505
27 15 503
28 15 500
29 15 497
30 15 494
39 15 433
40 15 438
41 15 442
42 15 444
43 15 443
44 15 446
45 15 447
46 15 448
47 15 441
48 15 439
49 15 439
50 15 434
51 15 434
52 15 437
55 15 425
62 15 431
63 15 429
18 16 503
19 16 504
20 16 501
21 16 496
22 16 501
23 16 502
24 16 502
25 16 503
26 16 503
27 16 502
28 16 499
29 16 495
30 16 493
36 16 507
40 16 440
41 16 443
42 16 444
43 16 443
44 16 446
45 16 446
46 16 446
47 16 440
48 16 438
49 16 438
50 16 430
51 16 434
52 16 436
62 16 435
63 16 434
18 17 503
19 17 503
20 17 500
21 17 496
22 17 499
23 17 500
24 17 500
25 17 501
26 17 501
27 17 500
28 17 497
29 17 492
41 17 442
42 17 443
43 17 442
44 17 444
45 17 444
46 17 442
47 17 436
48 17 436
49 17 436
50 17 428
51 17 432
52 17 432
56 17 417
62 17 433
63 17 432
64 17 435
18 18 502
19 18 501
20 18 499
21 18 496
22 18 499
23 18 499
24 18 499
25 18 500
26 18 500
27 18 497
29 18 491
40 18 437
41 18 440
42 18 442
43 18 441
44 18 442
45 18 442
46 18 439
47 18 435
48 18 436
49 18 437
50 18 429
51 18 434
52 18 434
54 18 421
63 18 432
64 18 433
18 19 501
19 19 499
20 19 496
21 19 495
22 19 498
23 19 498
24 19 499
25 19 499
26 19 499
27 19 495
28 19 493
29 19 489
40 19 436
41 19 439
42 19 440
43 19 439
44 19 440
45 19 441
46 19 438
47 19 434
48 19 436
49 19 437
50 19 429
51 19 432
52 19 434
60 19 436
63 19 431
64 19 430
66 19 425
92 19 595
19 20 496
20 20 494
21 20 493
22 20 496
23 20 496
24 20 498
25 20 497
26 20 496
27 20 493
28 20 492
29 20 488
40 20 435
41 20 437
42 20 438
43 20 436
44 20 436
45 20 437
46 20 436
47 20 435
48 20 437
49 20 437
50 20 429
51 20 429
63 20 432
64 20 432
19 21 493
20 21 492
21 21 493
22 21 495
23 21 495
24 21 496
25 21 495
26 21 494
27 21 492
28 21 489
29 21 486
38 21 429
39 21 434
40 21 434
41 21 436
42 21 436
43 21 435
44 21 434
45 21 434
46 21 433
47 21 433
48 21 436
49 21 435
50 21 430
51 21 428
53 21 412
64 21 429
19 22 491
20 22 491
21 22 492
22 22 494
23 22 495
24 22 495
25 22 494
26 22 494
27 22 491
28 22 489
29 22 486
38 22 428
39 22 431
40 22 432
41 22 434
42 22 435
43 22 434
44 22 433
45 22 433
46 22 432
47 22 434
48 22 436
49 22 433
50 22 430
51 22 428
53 22 417
63 22 428
64 22 427
19 23 490
20 23 490
21 23 491
22 23 492
23 23 493
24 23 493
25 23 493
26 23 493
27 23 490
28 23 488
29 23 485
38 23 429
39 23 431
40 23 432
41 23 434
42 23 435
43 23 434
44 23 435
45 23 433
46 23 433
47 23 433
48 23 434
49 23 431
50 23 428
51 23 428
53 23 421
63 23 426
19 24 489
20 24 489
21 24 490
22 24 491
23 24 492
24 24 492
25 24 491
26 24 491
27 24 489
28 24 485
29 24 483
36 24 514
38 24 431
39 24 432
40 24 432
41 24 433
42 24 434
43 24 432
44 24 434
45 24 433
46 24 432
47 24 432
48 24 431
49 24 428
50 24 425
51 24 426
52 24 422
53 24 418
63 24 426
19 25 490
20 25 489
21 25 489
22 25 490
23 25 491
24 25 490
25 25 490
26 25 491
27 25 489
28 25 484
29 25 483
37 25 428
38 25 432
39 25 431
40 25 431
41 25 432
42 25 432
43 25 431
44 25 433
45 25 432
46 25 430
47 25 429
48 25 429
49 25 426
50 25 423
51 25 425
52 25 422
53 25 423
64 25 418
19 26 489
20 26 488
21 26 487
22 26 489
23 26 490
24 26 489
25 26 489
26 26 490
27 26 489
37 26 429
38 26 432
39 26 431
40 26 431
41 26 432
42 26 431
43 26 430
44 26 432
45 26 432
46 26 429
47 26 430
48 26 428
49 26 426
50 26 423
51 26 424
52 26 423
60 26 432
64 26 419
19 27 488
20 27 486
21 27 485
22 27 487
23 27 488
24 27 487
25 27 487
26 27 488
27 27 488
35 27 515
37 27 431
38 27 434
39 27 432
40 27 432
41 27 432
42 27 431
43 27 430
44 27 432
45 27 430
46 27 428
47 27 428
48 27 427
49 27 425
50 27 423
51 27 423
52 27 423
19 28 487
20 28 485
21 28 484
22 28 486
23 28 486
24 28 486
25 28 486
26 28 486
27 28 485
37 28 429
38 28 433
39 28 431
40 28 431
41 28 431
42 28 430
43 28 429
44 28 430
45 28 429
46 28 426
47 28 426
48 28 425
49 28 424
50 28 421
51 28 421
52 28 422
19 29 485
20 29 483
21 29 483
22 29 485
23 29 485
24 29 485
25 29 485
26 29 485
27 29 485
28 29 477
37 29 430
38 29 431
39 29 429
40 29 429
41 29 429
42 29 429
43 29 429
44 29 430
45 29 428
46 29 426
47 29 425
48 29 425
49 29 423
50 29 418
51 29 420
52 29 423
60 29 416
63 29 410
18 30 485
19 30 483
20 30 480
21 30 481
22 30 483
23 30 483
24 30 483
25 30 484
26 30 483
27 30 484
28 30 476
37 30 433
38 30 428
39 30 427
40 30 428
41 30 428
42 30 427
43 30 428
44 30 429
45 30 428
46 30 425
47 30 424
48 30 424
49 30 422
50 30 416
51 30 418
52 30 419
60 30 414
61 30 413
18 31 481
19 31 480
20 31 479
21 31 480
22 31 481
23 31 481
24 31 482
25 31 482
26 31 480
27 31 479
28 31 473
37 31 433
38 31 426
39 31 425
40 31 425
41 31 425
42 31 425
43 31 426
44 31 426
45 31 426
46 31 423
47 31 421
48 31 421
49 31 419
50 31 414
51 31 416
52 31 415
60 31 414
18 32 478
19 32 478
20 32 477
21 32 478
22 32 479
23 32 479
24 32 480
25 32 479
26 32 478
27 32 476
28 32 471
37 32 432
38 32 424
39 32 424
40 32 423
41 32 423
42 32 424
43 32 425
44 32 425
45 32 425
46 32 422
47 32 418
48 32 418
49 32 416
50 32 411
51 32 414
52 32 414
18 33 477
19 33 476
20 33 475
21 33 476
22 33 478
23 33 478
24 33 478
25 33 478
26 33 476
27 33 474
28 33 469
37 33 435
38 33 422
39 33 423
40 33 422
41 33 422
42 33 423
43 33 424
44 33 423
45 33 424
46 33 419
47 33 416
48 33 416
49 33 414
50 33 411
51 33 414
52 33 413
53 33 412
54 33 416
55 33 410
61 33 415
17 34 466
18 34 474
19 34 474
20 34 474
21 34 475
22 34 476
23 34 477
24 34 477
25 34 477
26 34 476
27 34 473
28 34 470
37 34 434
38 34 422
39 34 422
40 34 420
41 34 420
42 34 420
43 34 421
44 34 419
45 34 420
46 34 414
47 34 414
48 34 415
49 34 414
50 34 412
51 34 415
52 34 415
53 34 412
54 34 418
55 34 413
61 34 416
17 35 470
18 35 473
19 35 473
20 35 473
21 35 475
22 35 476
23 35 476
24 35 476
25 35 476
26 35 475
27 35 473
28 35 470
37 35 427
38 35 420
39 35 421
40 35 419
41 35 419
42 35 418
43 35 419
44 35 417
45 35 417
46 35 413
47 35 413
48 35 414
49 35 413
50 35 412
51 35 414
52 35 414
53 35 411
54 35 413
55 35 412
17 36 470
18 36 473
19 36 472
20 36 472
21 36 474
22 36 474
23 36 475
24 36 475
25 36 475
26 36 474
27 36 472
28 36 469
38 36 419
39 36 419
40 36 418
41 36 418
42 36 417
43 36 419
44 36 417
45 36 416
46 36 412
47 36 413
48 36 413
49 36 412
50 36 410
51 36 412
52 36 412
53 36 409
54 36 410
55 36 411
16 37 470
17 37 468
18 37 471
19 37 470
20 37 471
21 37 473
22 37 473
23 37 474
24 37 474
25 37 474
26 37 473
27 37 471
28 37 469
38 37 419
39 37 418
40 37 417
41 37 417
42 37 416
43 37 417
44 37 417
45 37 415
46 37 412
47 37 412
48 37 412
49 37 411
50 37 410
51 37 410
52 37 411
53 37 408
54 37 409
16 38 471
17 38 469
18 38 471
19 38 470
20 38 470
21 38 472
22 38 472
23 38 473
24 38 473
25 38 473
26 38 471
27 38 470
28 38 468
38 38 418
39 38 417
40 38 416
41 38 415
42 38 415
43 38 415
44 38 415
45 38 413
46 38 412
47 38 412
48 38 412
49 38 410
51 38 404
54 38 398
17 39 468
18 39 470
19 39 469
20 39 469
21 39 470
22 39 471
23 39 471
24 39 471
25 39 472
26 39 469
27 39 466
28 39 465
38 39 417
39 39 416
40 39 415
41 39 414
42 39 414
43 39 414
44 39 413
45 39 412
46 39 411
47 39 411
48 39 411
49 39 410
51 39 393
54 39 397
17 40 465
18 40 468
19 40 467
20 40 467
21 40 468
22 40 469
23 40 469
24 40 469
25 40 470
26 40 467
27 40 461
28 40 461
38 40 416
39 40 415
40 40 414
41 40 413
42 40 413
43 40 413
44 40 412
45 40 410
46 40 409
47 40 410
48 40 410
49 40 410
50 40 408
51 40 393
54 40 396
17 41 462
18 41 465
19 41 464
20 41 465
21 41 467
22 41 467
23 41 468
24 41 468
25 41 469
26 41 466
27 41 461
28 41 461
37 41 420
38 41 415
39 41 413
40 41 413
41 41 413
42 41 412
43 41 412
44 41 410
45 41 408
46 41 406
47 41 408
48 41 408
49 41 409
50 41 408
51 41 399
17 42 461
18 42 463
19 42 462
20 42 462
21 42 465
22 42 466
23 42 466
24 42 466
25 42 467
26 42 464
27 42 460
28 42 460
36 42 452
37 42 419
38 42 413
39 42 412
40 42 412
41 42 412
42 42 411
43 42 412
44 42 409
45 42 406
46 42 405
47 42 408
48 42 407
49 42 409
50 42 409
17 43 459
18 43 461
19 43 461
20 43 461
21 43 464
22 43 465
23 43 465
24 43 465
25 43 466
26 43 462
27 43 459
28 43 459
37 43 415
38 43 410
39 43 409
40 43 410
41 43 410
42 43 410
43 43 411
44 43 408
45 43 404
46 43 404
47 43 407
48 43 406
49 43 408
50 43 408
52 43 395
17 44 457
18 44 460
19 44 460
20 44 461
21 44 463
22 44 464
23 44 463
24 44 464
25 44 464
26 44 460
27 44 457
28 44 457
37 44 412
38 44 408
39 44 407
40 44 408
41 44 408
42 44 407
43 44 409
44 44 407
45 44 404
46 44 403
47 44 406
48 44 404
49 44 403
50 44 403
51 44 404
52 44 396
53 44 399
17 45 456
18 45 459
19 45 459
20 45 460
21 45 463
22 45 463
23 45 463
24 45 463
25 45 462
26 45 459
27 45 455
28 45 455
37 45 410
38 45 407
39 45 405
40 45 406
41 45 406
42 45 404
43 45 407
44 45 406
45 45 402
46 45 401
47 45 404
48 45 401
49 45 398
50 45 399
51 45 396
52 45 397
17 46 452
18 46 458
19 46 458
20 46 459
21 46 462
22 46 462
23 46 462
24 46 461
25 46 460
26 46 457
27 46 452
28 46 451
37 46 407
38 46 405
39 46 402
40 46 404
41 46 403
42 46 399
43 46 405
44 46 405
45 46 401
46 46 400
47 46 402
48 46 399
49 46 397
50 46 397
51 46 396
52 46 397
17 47 445
18 47 457
19 47 457
20 47 459
21 47 461
22 47 461
23 47 460
24 47 460
25 47 458
26 47 456
27 47 449
28 47 447
37 47 406
38 47 403
39 47 401
40 47 403
41 47 401
42 47 398
43 47 403
44 47 403
45 47 400
46 47 398
47 47 398
48 47 395
49 47 391
50 47 393
17 48 443
18 48 453
19 48 455
20 48 457
21 48 458
22 48 459
23 48 458
24 48 457
25 48 455
26 48 452
27 48 446
28 48 444
37 48 404
38 48 403
39 48 401
40 48 403
41 48 401
42 48 399
43 48 403
44 48 402
45 48 399
46 48 395
47 48 395
48 48 392
49 48 386
50 48 389
16 49 430
17 49 442
18 49 447
19 49 452
20 49 455
21 49 456
22 49 456
23 49 455
24 49 454
25 49 453
26 49 449
27 49 444
28 49 443
37 49 403
38 49 403
39 49 401
40 49 402
41 49 401
42 49 400
43 49 402
44 49 401
45 49 400
46 49 395
47 49 395
48 49 391
49 49 383
83 49 454
84 49 455
16 50 435
17 50 444
18 50 447
19 50 451
20 50 453
21 50 454
22 50 454
23 50 454
24 50 453
25 50 451
26 50 449
27 50 444
36 50 405
37 50 401
38 50 402
39 50 401
40 50 402
41 50 401
42 50 402
43 50 402
44 50 400
45 50 399
46 50 395
47 50 395
82 50 453
83 50 453
84 50 454
85 50 454
86 50 454
17 51 449
18 51 448
19 51 451
20 51 453
21 51 453
22 51 453
23 51 454
24 51 453
25 51 452
26 51 449
27 51 445
36 51 403
37 51 398
38 51 399
39 51 399
40 51 400
41 51 400
42 51 401
43 51 401
44 51 398
45 51 398
46 51 394
47 51 394
82 51 452
83 51 452
84 51 453
85 51 453
86 51 452
18 52 449
19 52 452
20 52 452
21 52 452
22 52 452
23 52 453
24 52 452
25 52 452
26 52 450
37 52 395
38 52 396
39 52 397
40 52 398
41 52 398
42 52 399
43 52 399
44 52 395
45 52 396
46 52 393
81 52 452
82 52 451
83 52 451
84 52 452
85 52 452
86 52 452
102 52 434
103 52 437
17 53 455
18 53 450
19 53 451
20 53 449
21 53 450
22 53 449
23 53 451
24 53 450
25 53 451
26 53 450
37 53 394
38 53 395
39 53 396
40 53 396
41 53 396
42 53 397
43 53 396
44 53 394
45 53 394
81 53 452
82 53 450
83 53 450
84 53 451
85 53 450
86 53 450
18 54 450
19 54 450
20 54 448
21 54 448
22 54 447
23 54 449
24 54 449
25 54 449
26 54 449
38 54 392
39 54 394
40 54 395
41 54 394
42 54 395
43 54 395
44 54 392
45 54 393
81 54 453
82 54 450
83 54 450
84 54 450
85 54 450
86 54 448
20 55 446
21 55 446
22 55 446
23 55 448
24 55 447
25 55 447
26 55 447
27 55 444
42 55 394
43 55 394
44 55 392
45 55 394
46 55 462
81 55 451
82 55 449
83 55 450
84 55 450
85 55 449
20 56 444
21 56 443
22 56 444
23 56 445
24 56 445
25 56 444
26 56 445
27 56 443
43 56 392
44 56 391
46 56 460
47 56 463
81 56 449
82 56 447
83 56 450
84 56 451
85 56 450
20 57 441
21 57 441
22 57 443
23 57 444
24 57 443
25 57 443
26 57 444
27 57 443
46 57 458
82 57 449
83 57 452
84 57 452
23 58 445
24 58 444
83 58 452
84 58 452
85 58 451
76 63 509
100 73 398
97 74 582
100 74 399
103 74 461
104 74 463
105 74 461
106 74 460
100 75 398
103 75 461
104 75 461
105 75 460
106 75 460
100 76 398
103 76 459
104 76 459
105 76 459
106 76 460
100 77 401
103 77 457
104 77 457
105 77 458
106 77 459
107 77 471
100 78 403
103 78 456
104 78 456
105 78 455
106 78 458
33 79 446
34 79 457
35 79 462
100 79 402
102 79 444
103 79 452
104 79 448
105 79 447
33 80 448
34 80 456
35 80 458
36 80 458
100 80 402
102 80 444
103 80 450
104 80 445
105 80 444
33 81 452
34 81 455
35 81 457
36 81 457
79 81 484
100 81 400
102 81 446
103 81 450
33 82 451
34 82 453
35 82 454
36 82 454
79 82 485
80 82 482
81 82 481
100 82 399
102 82 446
33 83 451
34 83 451
35 83 452
79 83 488
80 83 487
81 83 487
33 84 451
34 84 451
35 84 452
36 84 451
79 84 492
80 84 489
33 85 453
34 85 450
35 85 453
79 85 498
80 85 492
98 85 400
79 86 507
79 87 517
17 88 596
18 88 597
17 89 598
18 89 598
17 90 596
18 90 596
75 91 462
76 91 465
